index	time	mood	social	alone	morale	stress	fatigue	compulsions	email_activity	just_woke_up_activity	getting_ready_activity	errands_activity	resting_activity	with_parents_activity	reading_activity	with_friends_activity	therapy_activity	commuting_activity	meditation_activity	schoolwork_activity	washing_up_activity	with_k_activity	eating_activity	trying_to_leave_apt_activity	work_activity	tv_activity	working_out_activity	feedly_activity	leisure_activity	cooking_activity	ash_stuff_activity	chatting_activity	in_class_activity	workshop_activity	shopping_activity	studying_activity	working_activity	friend_home_location	library_location	la_location	therapy_location	parents_home_location	airport_location	vacation_location	home_location	cafe_location	mountain_view_location	k_home_location	school_location	Sadness_score	Analytical_score	Joy_score	Fear_score	Tentative_score	Anger_score	Confident_score	word_count	uniqueword_count	char_count	backspace_count	avg_dwelltime	avg_flighttime	avg_attention	avg_engagement	avg_valence	blinks	productivity_score	current_tabCount	current_windowCount	tabs_activated	tabs_created	windows_created	phone_unlocks	phone_use_secs
time	1.0	0.011291109194880192	0.29136754197153575	-0.5517733439289504	-0.1101982359038307	0.35185211949631184	0.33815790162010556	0.16086038802063268	0.026888375181818587	0.0	0.0	-0.0827182208844055	-0.057027206441940856	0.0	0.0	0.30962407761596955	0.07857264170561082	0.0	0.13565422707360414	0.2394841512509124	-0.13019736311853375	0.09311935061073995	-0.08163644827301796	0.0	0.22608499329771364	-0.056927128241698925	0.023326900845236326	-0.05205072321262658	-0.07531853475922397	0.0	-0.03502709750284378	0.06825139325239503	0.04418672147453197	0.0	-0.05694907654944835	-0.06888802473993617	-0.0009552950916988303	0.40917839453012145	0.0	-0.1435405408900571	0.0	0.42557425998863324	0.07301929681873898	-0.3318379825365491	-0.502927594683429	0.12567516975279025	-0.2872736339685169	0.1619256921861493	0.14432202677404904	0.10892545303738012	-0.03084014553747235	0.09421202060361195	0.043415326299428576	-0.10249457919759146	0.1410203482091062	-0.09801591177487803	0.12705551442652888	0.13194258610777534	0.11161224453245422	0.08101263400926623	0.015176952082567691	0.02499952470407577	0.026526878603017067	0.0276577219694254	-0.09451658187670561	-0.06440618478906264	0.3053372098041088	0.054294312602097994	0.19212165677994417	0.42491002663632876	0.240436926719437	0.1267320224554357	0.15861589503153112	0.10470753853365138
mood	0.011291109194880192	1.0	0.07161800979576409	-0.31950531177445135	0.5714762700139226	-0.4393709736604819	-0.33277302374274187	-0.10340554758647884	-0.01278810299167749	0.0	0.0	0.008895523879756766	0.04573867605936235	0.0	0.0	0.3825460485213528	0.06033501776759369	0.0	-0.09038908719393049	0.11915557405160794	-0.11341704226102059	0.3017402656937849	0.04594772981032705	0.0	0.1364387390050266	-0.17724528068905607	-0.04121473477199314	-0.08011399043851938	-0.12957032027710164	0.0	-0.07025533097607796	0.08376624588498105	0.060335017767593736	0.0	0.004197218627310877	0.0927999848703341	0.010403880400008796	0.12680250473841642	0.0	0.07373830440578803	0.0	-0.1647189798697783	0.004197218627310873	0.15374391757841643	-0.26455601237833803	0.1727477641418136	0.1270493729896086	0.1817729329330419	0.19593974753349921	0.05437914953833684	0.06299454635669378	0.059098153206909886	-0.10732458491596802	0.04670780456490393	-0.026064899922298004	-0.06781575680029933	0.15045325342928156	0.1435549853526099	0.15525896344232812	0.23593143590015092	0.006424223777227513	-0.009992773988265367	0.005724231644391034	0.1609984469110145	0.07686612846271401	-0.13245406535892465	0.10114716197412746	0.09174161366199816	0.16379740470931084	-0.011045791240900386	-0.019282297326963058	0.0065367781882012055	0.002841793340934256	-0.014480672420327098
social	0.29136754197153575	0.07161800979576409	1.0	-0.16288701939180703	-0.029914036823921335	0.2495218786315253	0.048061717671156017	0.010989657351474528	0.11165800033708438	0.0	0.0	0.017921177581148372	0.030847687316964995	0.0	0.0	0.08797089427475072	-0.024807933686729074	0.0	0.2539812545580102	-0.01752239811040656	-0.002159338112187541	0.049875890504101836	0.04476195657989633	0.0	-0.0022358660196510408	-0.16062144272535478	0.09117281703102774	-0.0284404571282746	-0.1126185257930177	0.0	0.15815703049777285	0.43168900046594205	0.021761345339236106	0.0	-0.07137721271269416	-0.05460750845147673	0.07318004208887806	-0.0013566092830032282	0.0	0.07336102080923795	0.0	0.23476451272720203	0.021761345339236057	-0.03874963013109291	-0.12558603410395844	0.07318004208887799	-0.10888050871598393	-0.024763554026512195	0.09241902121298118	0.1652889739945639	-0.026779655435284034	0.02604287730505759	0.08156997314202698	0.14587837619845684	0.0958042528274352	-0.11823735393552688	0.2924322458359286	0.30810205266299534	0.2830549774249722	0.1545978388381711	0.0068532825332308315	-0.2135724740349264	0.04008291354875043	0.08360496968912828	0.08498119806640979	0.10522873543877856	-0.0038804962703114913	-0.07940414374749578	-0.09034453537865393	0.19497246645494412	0.1400996319994346	0.04951254464911574	0.4165927675786001	0.34521563408676464
alone	-0.5517733439289504	-0.31950531177445135	-0.16288701939180703	1.0	-0.12120634564499252	0.0047826793096577966	-0.17705276382139284	0.06439556973719791	-0.02002468229430641	0.0	0.0	0.11583499241911133	-0.04749074031585278	0.0	0.0	-0.42693557280532995	0.04276864223627193	0.0	0.0744277113209184	-0.2997793758883845	0.06062647699896168	-0.43984922039651214	0.040016773424645595	0.0	-0.26702041893159445	0.11162492797617422	0.09654440800974401	0.07427113147614249	0.07778925071106427	0.0	0.13297702260176933	0.040016773424645664	-0.10977284840643158	0.0	0.04276864223627223	-0.041514558654219824	0.10601302391103289	-0.3903606278172028	0.0	0.0767138601831509	0.0	-0.2773603162203482	-0.10977284840643145	0.1944473414037834	0.6038974011260596	-0.27210009470498514	0.17451693800447524	-0.2768574746565051	-0.20908124160231562	-0.028674080660895676	-0.06606037103366877	-0.010189180946592075	0.1084120076661956	0.07409508286616152	-0.019719207236967788	0.0754191179961395	-0.2345228429942657	-0.2112761375423772	-0.23336784058620708	-0.27017466902956266	-0.10859798398548923	0.00035717471866636565	-0.0030860808744797184	-0.03361835024392492	-0.05377577436421161	0.021032795487373968	-0.20507078674871396	-0.06917757625240531	-0.15024466244162454	-0.25326570430079115	-0.16839702502444281	-0.04303913690834276	-0.17355385653665756	-0.12065773514355074
morale	-0.1101982359038307	0.5714762700139226	-0.029914036823921335	-0.12120634564499252	1.0	-0.340424353848482	-0.6191834052076269	-0.07301694823875732	0.0444111759162177	0.0	0.0	0.02110878987523329	0.025397758085279897	0.0	0.0	0.08162210852890663	0.0969719395884166	0.0	-0.014678960192125085	0.40571305022088755	-0.19873091120337436	0.20905611568690136	0.07963717660939096	0.0	0.413999046185743	-0.40058667460006353	-0.0130923644972526	-0.23103076755953567	-0.41057356127372974	0.0	0.1164586632072556	-0.2132783136070254	0.09697193958841666	0.0	0.017916720266812312	0.06574052552637193	0.028081293362831824	-0.013153427147631772	0.0	0.22492803542947948	0.0	-0.05953306988148864	0.01791672026681222	0.38630714537582783	-0.26111311652667607	0.1750502363433047	0.2860901042695937	0.08234945883442024	0.0444111759162177	-0.08372323401073482	0.1460244519623048	-0.035799200201462315	-0.1477914449491266	-0.043585791410472294	-0.03695861504453609	-0.06735075498944362	0.0672770705347861	0.06758341287807813	0.08255160034724353	0.26133007207923775	-0.04317920106913518	0.19340730249137242	-0.021090711041450015	0.0603063117660382	-0.036201468543444325	-0.04703970384346097	0.2133239369469117	0.3129730000224584	0.17753475945252792	-0.038303861107588676	-0.010921196900143882	0.005647110076770416	-0.06282251630838447	-0.04379680405774537
stress	0.35185211949631184	-0.4393709736604819	0.2495218786315253	0.0047826793096577966	-0.340424353848482	1.0	0.31548190977838375	0.09289074410128398	-0.05759243373725699	0.0	0.0	0.07050655302735628	-0.04987877280939749	0.0	0.0	-0.10441468221097618	0.01859869937960343	0.0	0.11556581790018369	0.0177695856630999	-0.04987877280939742	-0.15535736393513536	-0.03694868025292979	0.0	0.03547788769126942	-0.04342999850885091	0.07436092274515962	-0.06915649114550423	-0.06145139639672447	0.0	0.04579187046200045	0.2609735705033826	-0.017258252577469727	0.0	-0.05311520453454304	-0.11409083763951808	0.09054195111578375	-0.07002492923960416	0.0	-0.12038225596346942	0.0	0.3180117934888928	0.01859869937960344	-0.17797880513882106	-0.08268070553715524	0.0016613202039593075	-0.1178022570545528	-0.04041708430810344	0.031288197174567364	0.14407157733114806	-0.023880314525048525	-0.01562986978081099	0.21508869250103843	-0.030555198661719834	0.25647005733538525	-0.005659317924390543	0.12210204470187326	0.12548270212846555	0.10903967224928192	0.0054029914499978526	-0.0660955961031077	-0.16160844543433564	-0.03527074241683431	0.012160181101877032	-0.05522957570271187	0.1334448431613812	0.038010175282371765	0.01600201378403472	-0.04836807322460772	0.1961723021609556	0.049106150005763904	0.018226540667513037	0.20911349177783453	0.19199002918427133
fatigue	0.33815790162010556	-0.33277302374274187	0.048061717671156017	-0.17705276382139284	-0.6191834052076269	0.31548190977838375	1.0	0.06547189230169496	0.01254353995346676	0.0	0.0	-0.020796664917004447	0.04113578500755877	0.0	0.0	0.0046708171597846905	-0.04285681105110713	0.0	0.025483839937304877	-0.12596837309859768	0.16340047933558072	0.012596616851473008	-0.08260198045194454	0.0	-0.13447219988159517	0.15239358303564515	0.02007653774055032	0.09816904470074056	0.08668916638225736	0.0	-0.021004430643244906	0.07880072057723819	-0.04285681105110709	0.0	-0.10035748543942644	0.0007727879649616108	-0.023088993896646686	0.14254045470377608	0.0	-0.07651879361541059	0.0	0.1274919617466481	0.014643863337212164	-0.39973915651088865	0.1260135536386428	-0.07059903903013126	-0.4266324309960225	0.09707649169012655	-0.10623157288024476	0.09047608124683668	-0.04993996292936746	0.005153518262731185	0.2613814287638261	-0.018366840661847877	0.09551573649974882	0.08826198872212937	0.04782461101023354	0.029748215199646596	0.03687077616254389	-0.11001944531575715	0.10886599232590723	-0.10852499263671976	-0.04965241113993772	0.009340537043635045	0.04877408426253856	0.001593271378502376	-0.09608980946735608	-0.26197669253629324	-0.17291165763598104	0.05798947880123088	0.06026893372375152	0.0961701780579975	0.04929189949004275	-0.008784133642305708
compulsions	0.16086038802063268	-0.10340554758647884	0.010989657351474528	0.06439556973719791	-0.07301694823875732	0.09289074410128398	0.06547189230169496	1.0	0.07563862256975595	0.0	0.0	-0.19200542149185781	-0.12323302430305488	0.0	0.0	-0.05811119691989835	0.054004526032378035	0.0	0.012225150984860015	0.08739837398374023	-0.12323302430305517	0.02814841356113839	0.013606047437264925	0.0	0.0848579620701816	0.0917984517571357	-0.005352053771426821	-0.11298935045728745	0.010107045423462748	0.0	0.07329854094307368	-0.018042802036373037	-0.0869341150765112	0.0	-0.0869341150765114	0.05398366321716992	0.01741320807361288	0.009474651671722551	0.0	0.1003306231109407	0.0	0.028320944306358457	0.05400452603237805	0.052905123970100686	0.05167322590457684	0.017413208073612834	-0.01893788428302563	-0.047148592714907143	-0.1572630354148169	0.020429473943746574	-0.01860945765326296	-0.008450660796420147	0.02813545436194809	-0.0819680938685355	0.019530953598468282	-0.009340058394074233	0.06630047025438665	0.05374561826879072	0.06994068764548449	0.030460070822474164	0.05601798731264166	0.008435440564696358	0.070786394438487	0.05003402477191034	-0.02125345241863793	-0.05999447265736939	0.11559755299047647	0.14912003354313877	0.045822928221719364	0.017110038668741296	-0.0034413469764588466	-0.03408465148804825	-0.061354883762642705	-0.08087720179382984
email_activity	0.026888375181818587	-0.01278810299167749	0.11165800033708438	-0.02002468229430641	0.0444111759162177	-0.05759243373725699	0.01254353995346676	0.07563862256975595	1.0	0.0	0.0	-0.0589374297048783	-0.016496470133046923	0.0	0.0	-0.053015572123423914	-0.011637351602893191	0.0	-0.020251787299097185	-0.017413208073612924	-0.016496470133046923	0.06424542771082137	0.035714502510719316	0.0	-0.025313900816413736	-0.08640638488223162	-0.026269742562688103	0.03571450251071946	-0.00937056932952281	0.0	0.06647266786027003	-0.05749163818798759	-0.011637351602893186	0.0	-0.011637351602893196	-0.03346997138207098	-0.028846153846153747	-0.05301557212342395	0.0	0.1525030036238926	0.0	0.023483082414354768	0.4034281889002982	0.05128616025616038	-0.01113498335207622	-0.028846153846153796	-0.06453644469882455	0.06424542771082133	-0.0288461538461538	-0.08167456383522327	-0.01607851955312289	0.05356012763117604	-0.049578861791493394	0.018266456076273606	0.12575975971584613	-0.04910976495958238	0.09991084191046698	0.0942041147660726	0.10506941040745398	0.1289119217653566	-0.010077024039016336	-0.03527150273359788	0.005912497546156591	0.14189502428532605	0.07234618889239262	-0.04816407720219061	0.00949744276548958	-0.01953284527120399	-0.07590877175401087	0.02660412216413953	0.0389067381778547	0.03160098490305922	0.12253182859712265	0.030639172529056517
just_woke_up_activity	0.0	0.0	0.0	0.0	0.0	0.0	0.0	0.0	0.0	0.0	0.0	0.0	0.0	0.0	0.0	0.0	0.0	0.0	0.0	0.0	0.0	0.0	0.0	0.0	0.0	0.0	0.0	0.0	0.0	0.0	0.0	0.0	0.0	0.0	0.0	0.0	0.0	0.0	0.0	0.0	0.0	0.0	0.0	0.0	0.0	0.0	0.0	0.0	0.0	0.0	0.0	0.0	0.0	0.0	0.0	0.0	0.0	0.0	0.0	0.0	0.0	0.0	0.0	0.0	0.0	0.0	0.0	0.0	0.0	0.0	0.0	0.0	0.0	0.0
getting_ready_activity	0.0	0.0	0.0	0.0	0.0	0.0	0.0	0.0	0.0	0.0	0.0	0.0	0.0	0.0	0.0	0.0	0.0	0.0	0.0	0.0	0.0	0.0	0.0	0.0	0.0	0.0	0.0	0.0	0.0	0.0	0.0	0.0	0.0	0.0	0.0	0.0	0.0	0.0	0.0	0.0	0.0	0.0	0.0	0.0	0.0	0.0	0.0	0.0	0.0	0.0	0.0	0.0	0.0	0.0	0.0	0.0	0.0	0.0	0.0	0.0	0.0	0.0	0.0	0.0	0.0	0.0	0.0	0.0	0.0	0.0	0.0	0.0	0.0	0.0
errands_activity	-0.0827182208844055	0.008895523879756766	0.017921177581148372	0.11583499241911133	0.02110878987523329	0.07050655302735628	-0.020796664917004447	-0.19200542149185781	-0.0589374297048783	0.0	0.0	1.0	0.2798980243225898	0.0	0.0	-0.0022308368083521937	-0.023777020524277614	0.0	0.08695319525752375	-0.21143799436187952	-0.033704997693296136	-0.03617583184516967	-0.018107231176302082	0.0	-0.19506410899094231	-0.10187824301579201	0.04620579508350765	-0.01810723117630188	-0.10297499277792942	0.0	-0.04657021585858841	0.03157158256380901	-0.023777020524277655	0.0	-0.023777020524277714	-0.06838464829924361	0.032458294620077675	0.0508135050791338	0.0	-0.10516118015363123	0.0	-0.03668619930555052	-0.02377702052427762	-0.10501672736496143	0.05284921914179883	-0.058937429704878246	-0.040980195133247105	0.02292056521487856	-0.05893742970487828	0.0672446633629245	-0.01778507908208181	0.028414597048951207	0.006547268648890326	0.1301133504537665	0.03267409773579913	0.02845456179402225	-0.051854882329824645	-0.03956267855004069	-0.05522992416787564	-0.030722905101543796	-0.037215876761084295	-0.13141431058888656	-0.02984187799262013	0.012107034977878994	0.004090195551034813	0.07158740437208432	-0.17584388488100927	-0.19219396996039967	0.01467642257140579	0.007911379176803783	-0.05563170589970007	-0.03438015757573387	0.11459793625798073	0.1681446347685063
resting_activity	-0.057027206441940856	0.04573867605936235	0.030847687316964995	-0.04749074031585278	0.025397758085279897	-0.04987877280939749	0.04113578500755877	-0.12323302430305488	-0.016496470133046923	0.0	0.0	0.2798980243225898	1.0	0.0	0.0	-0.030318419806842613	-0.006655141069022981	0.0	-0.01158154414977305	-0.07655384843068538	-0.009433962264151007	0.1635545863460638	-0.03287818186529332	0.0	-0.08039051913491183	-0.04941387871382892	-0.01502307815105802	-0.03287818186529346	-0.07281689336056134	0.0	-0.04585221778726534	-0.03287818186529336	-0.0066551410690229825	0.0	-0.0066551410690229885	-0.01914072795295338	-0.016496470133046955	-0.030318419806842543	0.0	-0.029434406560433318	0.0	-0.03612058843474098	-0.006655141069022982	-0.050119874164969436	-0.006367847903716013	-0.016496470133046955	-0.03690694912552941	0.16355458634606382	-0.016496470133046885	0.12628703393058052	0.05868832540113537	-0.03554049812794989	0.14321305296121192	0.08716816836163442	-0.032714242056913	-0.0280847760577521	0.043839037730778484	0.06777850928735667	0.04880667828704021	0.02760674749752591	-0.011893779900093982	-0.09115773561844415	-0.2440648226473043	-0.032012218913639	-0.012855245062619225	0.009296085954305004	-0.0662449885022365	-0.1857549211576986	-0.0434105285839792	0.01889428055843537	0.005601371732293107	-0.02742676040735572	0.18141677722170732	0.2928478266470742
with_parents_activity	0.0	0.0	0.0	0.0	0.0	0.0	0.0	0.0	0.0	0.0	0.0	0.0	0.0	0.0	0.0	0.0	0.0	0.0	0.0	0.0	0.0	0.0	0.0	0.0	0.0	0.0	0.0	0.0	0.0	0.0	0.0	0.0	0.0	0.0	0.0	0.0	0.0	0.0	0.0	0.0	0.0	0.0	0.0	0.0	0.0	0.0	0.0	0.0	0.0	0.0	0.0	0.0	0.0	0.0	0.0	0.0	0.0	0.0	0.0	0.0	0.0	0.0	0.0	0.0	0.0	0.0	0.0	0.0	0.0	0.0	0.0	0.0	0.0	0.0
reading_activity	0.0	0.0	0.0	0.0	0.0	0.0	0.0	0.0	0.0	0.0	0.0	0.0	0.0	0.0	0.0	0.0	0.0	0.0	0.0	0.0	0.0	0.0	0.0	0.0	0.0	0.0	0.0	0.0	0.0	0.0	0.0	0.0	0.0	0.0	0.0	0.0	0.0	0.0	0.0	0.0	0.0	0.0	0.0	0.0	0.0	0.0	0.0	0.0	0.0	0.0	0.0	0.0	0.0	0.0	0.0	0.0	0.0	0.0	0.0	0.0	0.0	0.0	0.0	0.0	0.0	0.0	0.0	0.0	0.0	0.0	0.0	0.0	0.0	0.0
with_friends_activity	0.30962407761596955	0.3825460485213528	0.08797089427475072	-0.42693557280532995	0.08162210852890663	-0.10441468221097618	0.0046708171597846905	-0.05811119691989835	-0.053015572123423914	0.0	0.0	-0.0022308368083521937	-0.030318419806842613	0.0	0.0	1.0	-0.021387976245266064	0.0	-0.03722021645969563	0.058111196919898155	-0.030318419806842592	-0.0856995588062756	0.0025278071566850746	0.0	0.04266846841111455	0.0037991381872682427	-0.048280454958526814	0.0025278071566851175	0.005598456292946734	0.0	-0.019687463256056133	0.056622880309744474	0.21950817725404598	0.0	-0.021387976245266088	-0.06151356230153759	-0.053015572123423914	0.5956815114709851	0.0	0.02378702104790893	0.0	-0.11608263136647347	-0.021387976245266067	-0.08044224077545273	-0.26742576097466964	0.04650488782756504	-0.11860980000202298	-0.08569955880627564	0.34506626768053167	0.09614454126425394	-0.02502968372475593	0.08129408573261396	-0.09111965973427877	0.024822070435088862	-0.0039703896862883625	0.07566305357273159	0.10682783463963684	0.09381376821122239	0.09781415731509577	0.06368564935544947	-0.030652638193825344	-0.0711149538228704	0.013787802196081184	0.16659914639324572	0.13911776745794477	-0.038302482170654344	0.0624730633887381	-0.029084259202434515	0.10697259669108371	0.2595941333449149	0.20808223135747386	0.14273310968497782	0.038287405869305645	-0.031370284987870214
therapy_activity	0.07857264170561082	0.06033501776759369	-0.024807933686729074	0.04276864223627193	0.0969719395884166	0.01859869937960343	-0.04285681105110713	0.054004526032378035	-0.011637351602893191	0.0	0.0	-0.023777020524277614	-0.006655141069022981	0.0	0.0	-0.021387976245266064	1.0	0.0	-0.008170141872068841	-0.05400452603237802	-0.006655141069022982	-0.018811753945041476	-0.023193747471090948	0.0	-0.056711086018211454	-0.034858771362460676	-0.010597954664942275	-0.023193747471090983	-0.05136830993738889	0.0	-0.032346215636392145	-0.023193747471090976	-0.004694835680751184	0.0	-0.004694835680751186	-0.013502729937213704	-0.011637351602893196	-0.021387976245266022	0.0	-0.020764353561921793	0.0	0.18424785855985712	-0.004694835680751183	-0.035356812290532384	-0.0731581347223692	-0.01163735160289321	-0.026035821002911082	-0.01881175394504148	-0.011637351602893205	0.11698851004676698	-0.037490671449823425	0.03908547443976259	-0.020001510420280415	0.06160263659765876	0.23605915894636026	-0.019812263534963476	-0.03071937430154476	-0.029435111495146403	-0.03292444240403643	-0.023795989804162584	-0.008397551471344633	0.006432338559238805	-0.03731792344023371	0.16329836015710988	0.17415203874014587	-0.03930439959169409	0.07013097680908642	-0.036301586074729664	0.09787586950176032	0.028905007133684893	-0.004857002203990346	0.2695231106836659	0.01682847978080646	-0.034392075455204535
commuting_activity	0.0	0.0	0.0	0.0	0.0	0.0	0.0	0.0	0.0	0.0	0.0	0.0	0.0	0.0	0.0	0.0	0.0	0.0	0.0	0.0	0.0	0.0	0.0	0.0	0.0	0.0	0.0	0.0	0.0	0.0	0.0	0.0	0.0	0.0	0.0	0.0	0.0	0.0	0.0	0.0	0.0	0.0	0.0	0.0	0.0	0.0	0.0	0.0	0.0	0.0	0.0	0.0	0.0	0.0	0.0	0.0	0.0	0.0	0.0	0.0	0.0	0.0	0.0	0.0	0.0	0.0	0.0	0.0	0.0	0.0	0.0	0.0	0.0	0.0
meditation_activity	0.13565422707360414	-0.09038908719393049	0.2539812545580102	0.0744277113209184	-0.014678960192125085	0.11556581790018369	0.025483839937304877	0.012225150984860015	-0.020251787299097185	0.0	0.0	0.08695319525752375	-0.01158154414977305	0.0	0.0	-0.03722021645969563	-0.008170141872068841	0.0	1.0	-0.012225150984860005	-0.011581544149773053	-0.032736970800402485	-0.04036269217273892	0.0	0.06314705910817085	-0.06066263590118784	0.5077969072032711	-0.040362692172738926	-0.08939319892229343	0.0	0.04666793146460361	-0.04036269217273894	-0.008170141872068845	0.0	-0.008170141872068848	-0.02349799369966785	0.46129071070165834	-0.037220216459695664	0.0	-0.036134963184814885	0.0	0.3206355336845468	-0.008170141872068841	-0.06152934675480216	-0.12731272837264626	-0.020251787299097178	-0.04530858283745893	-0.03273697080040248	-0.02025178729909714	0.054371281425145086	0.019012590945196597	0.08040345568761273	-0.034807432869132335	0.019569883556075477	-0.040161432503100745	-0.03447809782803064	0.11872956535139848	0.15789231601653544	0.12253007073255039	0.037438081836047035	-0.011723415576959677	-0.05613304065870093	-0.048333681250432886	0.06829879090110089	0.09370162494987987	-0.031153787157386852	0.10749606622418671	-0.052182321766788914	-0.05329266105619549	0.05933705987862888	0.017095714728272045	-0.033670289073561926	0.1324480307454974	0.08188287005505111
schoolwork_activity	0.2394841512509124	0.11915557405160794	-0.01752239811040656	-0.2997793758883845	0.40571305022088755	0.0177695856630999	-0.12596837309859768	0.08739837398374023	-0.017413208073612924	0.0	0.0	-0.21143799436187952	-0.07655384843068538	0.0	0.0	0.058111196919898155	-0.05400452603237802	0.0	-0.012225150984860005	1.0	-0.07655384843068537	0.19774260526699722	0.08134050098364899	0.0	0.9522745872832641	-0.35341292565095817	-0.058277918844423605	-0.17185029480545472	-0.43067243554421514	0.0	-0.22268794819848103	-0.1085525958581786	0.08693411507651129	0.0	-0.05400452603237806	-0.0033147863378964215	-0.07563862256975583	0.024318272624087735	0.0	0.2806020975393101	0.0	0.17762456331949122	-0.05400452603237803	0.3244847603499517	-0.41770691323560416	0.21548844991095994	0.16367742844615107	0.23539110840502006	-0.017413208073612924	-0.017301910076368644	0.25048084570139373	-0.076612196738574	-0.053263169981389934	-0.16967149429213724	0.047917380597831176	-0.042984853639472714	0.06397780594592402	0.06452715017734643	0.08099681440050385	0.21603724144574918	-0.0383479980244025	0.2342595924933165	-0.031166514971820682	-0.02795084901204712	-0.07694802372526503	0.035546935493121504	0.17490617195766206	0.3479219040155258	0.08035859103588298	0.02440535278410192	0.02939002703049633	0.047592272633312005	-0.06587810149015641	-0.10301694370169945
washing_up_activity	-0.13019736311853375	-0.11341704226102059	-0.002159338112187541	0.06062647699896168	-0.19873091120337436	-0.04987877280939742	0.16340047933558072	-0.12323302430305517	-0.016496470133046923	0.0	0.0	-0.033704997693296136	-0.009433962264151007	0.0	0.0	-0.030318419806842592	-0.006655141069022982	0.0	-0.011581544149773053	-0.07655384843068537	1.0	-0.026666508643380247	-0.032878181865293475	0.0	-0.08039051913491181	-0.04941387871382903	-0.015023078151057927	-0.03287818186529343	-0.07281689336056134	0.0	-0.04585221778726534	-0.032878181865293524	-0.006655141069022984	0.0	-0.0066551410690229885	-0.01914072795295338	-0.01649647013304692	-0.03031841980684253	0.0	-0.02943440656043325	0.0	-0.03612058843474094	-0.006655141069022983	-0.05011987416496941	0.09096925576737061	-0.016496470133046955	-0.03690694912552934	-0.026666508643380247	-0.016496470133046885	0.10226551549941443	0.02869239943562341	0.06617262459118994	0.29748340615429575	0.05853883109788721	0.11270632494981281	-0.02808477605775211	0.20341189229157086	0.20126922875811246	0.20918648488964545	0.06227641075815877	-0.010437125746693098	-0.041323271145225576	0.02407161690268619	-0.05256292500118758	-0.012227441059365848	-0.03621220410957999	0.01784055963124539	-0.14546618487957613	-0.043410528583979396	-0.047345326914687	-0.013128214997562072	0.0408212247923429	0.099484719716709	0.028183354910800023
with_k_activity	0.09311935061073995	0.3017402656937849	0.049875890504101836	-0.43984922039651214	0.20905611568690136	-0.15535736393513536	0.012596616851473008	0.02814841356113839	0.06424542771082137	0.0	0.0	-0.03617583184516967	0.1635545863460638	0.0	0.0	-0.0856995588062756	-0.018811753945041476	0.0	-0.032736970800402485	0.19774260526699722	-0.026666508643380247	1.0	0.08786592219532172	0.0	0.1826593187972796	-0.13967573612547543	-0.04246498259672873	-0.09293511001428297	-0.12955572141102356	0.0	-0.08219594900331736	-0.09293511001428292	-0.01881175394504152	0.0	-0.01881175394504159	0.23535299622922318	-0.04662974591914428	-0.08569955880627543	0.0	0.04868785380854985	0.0	-0.10210025827209306	-0.018811753945041483	-0.006926154307515869	-0.18308242630431718	0.06424542771082134	-0.049199253601696434	0.6415410385259614	-0.04662974591914427	-0.0791378803744205	0.13866024586172437	-0.0353354740280826	-0.08014412391432083	-0.08950316131410085	-0.09247170956866343	-0.07938582989009292	0.15094520994368768	0.11828160662581627	0.18150530757878539	0.3207705969741843	0.2567268060676573	0.07123207454076494	-0.04423037044893555	-0.03166992930807325	0.035566477867204065	-0.04232908837384251	0.14380115658679662	0.03675448926266779	-0.019729259005275175	-0.05425328746779394	-0.012402608267850763	-0.07752585000704272	0.0009212671559490729	0.06044239195928762
eating_activity	-0.08163644827301796	0.04594772981032705	0.04476195657989633	0.040016773424645595	0.07963717660939096	-0.03694868025292979	-0.08260198045194454	0.013606047437264925	0.035714502510719316	0.0	0.0	-0.018107231176302082	-0.03287818186529332	0.0	0.0	0.0025278071566850746	-0.023193747471090948	0.0	-0.04036269217273892	0.08134050098364899	-0.032878181865293475	0.08786592219532172	1.0	0.0	0.12705632326136787	-0.019925318352709318	0.1513585714054079	0.03740530303030313	0.0668139669301729	0.0	-0.08008573633129158	0.08806818181818181	-0.023193747471091007	0.0	-0.023193747471091094	0.0955124493394306	0.12892064320942545	-0.10566233914943315	0.0	0.11916030020776935	0.0	-0.03169092668417977	-0.02319374747109096	0.08962974241733808	0.03948536731235502	-0.057491638187987436	0.010393853645000523	0.08786592219532172	0.03571450251071942	-0.010361866688933082	0.00879485598254002	-0.09197958483338226	-0.09881282610814379	-0.06594816594229824	-0.06123082315179911	-0.09787789573651728	-0.02807823150628653	-0.014572305832656592	-0.0207481408871871	0.014041249456443887	-0.016126516546400203	0.008048931372366468	-0.003534318934084767	0.004397319380000259	-0.009024820089923414	0.00974047621588032	0.0350288905636548	0.0802057463706426	-0.03586720313367882	-0.12434137369525944	-0.09915917505471107	-0.07396190967845546	0.009256128628135253	-0.010964971362977437
trying_to_leave_apt_activity	0.0	0.0	0.0	0.0	0.0	0.0	0.0	0.0	0.0	0.0	0.0	0.0	0.0	0.0	0.0	0.0	0.0	0.0	0.0	0.0	0.0	0.0	0.0	0.0	0.0	0.0	0.0	0.0	0.0	0.0	0.0	0.0	0.0	0.0	0.0	0.0	0.0	0.0	0.0	0.0	0.0	0.0	0.0	0.0	0.0	0.0	0.0	0.0	0.0	0.0	0.0	0.0	0.0	0.0	0.0	0.0	0.0	0.0	0.0	0.0	0.0	0.0	0.0	0.0	0.0	0.0	0.0	0.0	0.0	0.0	0.0	0.0	0.0	0.0
work_activity	0.22608499329771364	0.1364387390050266	-0.0022358660196510408	-0.26702041893159445	0.413999046185743	0.03547788769126942	-0.13447219988159517	0.0848579620701816	-0.025313900816413736	0.0	0.0	-0.19506410899094231	-0.08039051913491183	0.0	0.0	0.04266846841111455	-0.056711086018211454	0.0	0.06314705910817085	0.9522745872832641	-0.08039051913491181	0.1826593187972796	0.12705632326136787	0.0	1.0	-0.37399571926949543	0.18687624253111598	-0.18619313731389375	-0.44210385457986656	0.0	-0.24286434753699093	-0.12354324519884151	0.08278514855532033	0.0	-0.05671108601821159	-0.012654752897820467	0.2052041747032701	0.009221390608995314	0.0	0.26331526578032655	0.0	0.18723685964852368	-0.05671108601821147	0.3433093621519671	-0.42608442494341264	0.20520417470326943	0.2012309643509628	0.21992251634028986	-0.025313900816413756	-0.0013721099786351497	0.24771008836965758	-0.04260599131604825	-0.06660354626872288	-0.16164284232529347	0.06404034619615291	-0.056299041833379776	0.07046534604557371	0.0816358492566873	0.08834965542851211	0.21598341215459946	-0.041430088191959445	0.2175007737620787	-0.01477897819758775	-0.026862118515305428	-0.0910021139084285	0.025726776951344888	0.1767603536468577	0.35335989962451936	0.09395940540517163	0.000968901314138435	0.013487349485835014	0.03367334563489563	-0.03500194450804812	-0.015315892999829502
tv_activity	-0.056927128241698925	-0.17724528068905607	-0.16062144272535478	0.11162492797617422	-0.40058667460006353	-0.04342999850885091	0.15239358303564515	0.0917984517571357	-0.08640638488223162	0.0	0.0	-0.10187824301579201	-0.04941387871382892	0.0	0.0	0.0037991381872682427	-0.034858771362460676	0.0	-0.06066263590118784	-0.35341292565095817	-0.04941387871382903	-0.13967573612547543	-0.019925318352709318	0.0	-0.37399571926949543	1.0	-0.07868894753646379	-0.09606849920056211	0.6786045989239031	0.0	-0.12036392030422897	0.01814627207121728	-0.03485877136246077	0.0	-0.03485877136246091	-0.1002566666135321	-0.0864063848822315	0.04444991679103688	0.0	-0.11251560280266247	0.0	-0.08302087753757735	-0.0348587713624607	-0.14902732398830787	0.2215656364812696	-0.08640638488223146	-0.08884626155609614	-0.1396757361254754	-0.0864063848822317	-0.057249682911589925	-0.12507495543078537	0.07650424775994101	-0.11247176150771332	-0.05218966533279526	-0.10056001100194246	0.09560456583039521	-0.19654198944260257	-0.2001792454974027	-0.2006374180012874	-0.24938486650501762	-0.042476315871498894	-0.07904111736941209	-0.03524856878218859	0.07466346410990964	0.10735089569773774	-0.0008390132565083926	-0.17467806281766096	-0.1768122340179641	-0.07559026347191293	-0.15237909302741956	-0.12227471406634981	-0.14365783690192524	-0.061114756596813154	-0.08477482789941203
working_out_activity	0.023326900845236326	-0.04121473477199314	0.09117281703102774	0.09654440800974401	-0.0130923644972526	0.07436092274515962	0.02007653774055032	-0.005352053771426821	-0.026269742562688103	0.0	0.0	0.04620579508350765	-0.01502307815105802	0.0	0.0	-0.048280454958526814	-0.010597954664942275	0.0	0.5077969072032711	-0.058277918844423605	-0.015023078151057927	-0.04246498259672873	0.1513585714054079	0.0	0.18687624253111598	-0.07868894753646379	1.0	-0.05235673853646213	-0.051502975332343694	0.0	-0.07301719382904653	-0.05235673853646205	-0.01059795466494224	0.0	-0.010597954664942195	-0.030480581101967896	0.9106844088398514	-0.04828045495852683	0.0	-0.04687271134926494	0.0	0.13185376042393995	-0.010597954664942264	-0.003901979026936855	-0.04114127753893247	-0.02626974256268806	0.03439269914922119	-0.04246498259672873	-0.026269742562688082	0.051222302742683974	-0.019054655590110502	0.10914528911027686	-0.045150696441539157	0.02045996260487597	0.054020794864303785	-0.044723497270481145	0.03471976616256185	0.07637926647510482	0.0329170084555536	0.006801970639997618	-0.010433347488408412	-0.042906060222785335	0.045916283628412095	0.0017712537207106498	-0.04751847158410568	-0.04731320309819307	0.03927259915685294	-0.02206543420700945	-0.011114848361384195	-0.038475834039384746	-0.02289436790784978	-0.04367564269318532	0.17046767843027688	0.2931243540287695
feedly_activity	-0.05205072321262658	-0.08011399043851938	-0.0284404571282746	0.07427113147614249	-0.23103076755953567	-0.06915649114550423	0.09816904470074056	-0.11298935045728745	0.03571450251071946	0.0	0.0	-0.01810723117630188	-0.03287818186529346	0.0	0.0	0.0025278071566851175	-0.023193747471090983	0.0	-0.040362692172738926	-0.17185029480545472	-0.03287818186529343	-0.09293511001428297	0.03740530303030313	0.0	-0.18619313731389375	-0.09606849920056211	-0.05235673853646213	1.0	0.25916628428071464	0.0	-0.15979898086569352	-0.013257575757575489	-0.023193747471091045	0.0	-0.02319374747109113	0.17662222774672565	-0.05749163818798751	0.11071795346280353	0.0	-0.04714603182133504	0.0	-0.12588340321771452	0.2024181597477024	-0.1369147246375086	0.10116324034041402	-0.057491638187987464	-0.12862393885688117	-0.03266809927774806	0.03571450251071946	0.040222405455171285	-0.0751855867927546	-0.09676677348407027	-0.09881282610814446	0.16847678648918626	-0.06539154286544242	0.0072401042310126	-0.08992008992026805	-0.09552441377991082	-0.09181673233684509	-0.09305523444691309	-0.029985313835788122	-0.10027287181396584	0.04827126972568392	0.004333459209600388	-0.031111559859980924	0.12096670462567574	-0.22620235406306946	-0.20486861938599474	-0.007011633695305524	0.10825830938817647	-0.0042148195213410865	-0.009093677419482147	0.01125291444105962	-0.0014704997972292766
leisure_activity	-0.07531853475922397	-0.12957032027710164	-0.1126185257930177	0.07778925071106427	-0.41057356127372974	-0.06145139639672447	0.08668916638225736	0.010107045423462748	-0.00937056932952281	0.0	0.0	-0.10297499277792942	-0.07281689336056134	0.0	0.0	0.005598456292946734	-0.05136830993738889	0.0	-0.08939319892229343	-0.43067243554421514	-0.07281689336056134	-0.12955572141102356	0.0668139669301729	0.0	-0.44210385457986656	0.6786045989239031	-0.051502975332343694	0.25916628428071464	1.0	0.0	-0.22781109944039393	-0.061420911303521994	-0.05136830993738887	0.0	0.09139556443405487	-0.045089311043746964	-0.0683500351094608	0.07405957896098046	0.0	-0.1570346802942329	0.0	-0.09998922435817877	0.09139556443405536	-0.1479314870457987	0.13623620131231315	-0.06835003510946082	-0.05028723219415106	-0.1295557214110236	-0.009370569329522831	0.0351220616770203	-0.21147735266278236	-0.03973192033535496	-0.18849937266320274	0.07223448287121723	-0.09924564666297704	0.019492066168940475	-0.15244829599964724	-0.15458744797395846	-0.1598820572979714	-0.2353001074132334	-0.06120850230575366	-0.16727311655050192	-0.011963480170682798	0.03719694604071573	0.06386301786939759	0.06393242583931336	-0.1867249498637544	-0.14141393610009378	-0.07943682276676275	-0.06359798121957372	-0.09444722223924235	-0.1706482808039068	0.002178714801011174	-0.031505757344598206
cooking_activity	0.0	0.0	0.0	0.0	0.0	0.0	0.0	0.0	0.0	0.0	0.0	0.0	0.0	0.0	0.0	0.0	0.0	0.0	0.0	0.0	0.0	0.0	0.0	0.0	0.0	0.0	0.0	0.0	0.0	0.0	0.0	0.0	0.0	0.0	0.0	0.0	0.0	0.0	0.0	0.0	0.0	0.0	0.0	0.0	0.0	0.0	0.0	0.0	0.0	0.0	0.0	0.0	0.0	0.0	0.0	0.0	0.0	0.0	0.0	0.0	0.0	0.0	0.0	0.0	0.0	0.0	0.0	0.0	0.0	0.0	0.0	0.0	0.0	0.0
ash_stuff_activity	-0.03502709750284378	-0.07025533097607796	0.15815703049777285	0.13297702260176933	0.1164586632072556	0.04579187046200045	-0.021004430643244906	0.07329854094307368	0.06647266786027003	0.0	0.0	-0.04657021585858841	-0.04585221778726534	0.0	0.0	-0.019687463256056133	-0.032346215636392145	0.0	0.04666793146460361	-0.22268794819848103	-0.04585221778726534	-0.08219594900331736	-0.08008573633129158	0.0	-0.24286434753699093	-0.12036392030422897	-0.07301719382904653	-0.15979898086569352	-0.22781109944039393	0.0	1.0	-0.08008573633129172	-0.03234621563639219	0.0	-0.03234621563639224	-0.0930303516307946	-0.08017837257372701	-0.062244202011571305	0.0	-0.012227442643169007	0.0	-0.13850742664810595	-0.03234621563639216	-0.09508010101105764	0.2237914008471228	-0.006852852356728745	-0.10646969357296494	-0.0821959490033174	0.06647266786026988	-0.03368083618188882	-0.17281399611250708	0.03362625416164189	0.07823125017373087	-0.027693608190589487	-0.11779686201781553	-0.015460106161431883	0.08653205998662747	0.08131377098452464	0.07768094293131146	0.0747688130660296	-0.024744947709728415	0.11208580425844297	-0.009616469348235806	0.11984295615293468	-0.002042969868916073	-0.0957933056836322	0.09161619703327822	0.027716854064089722	0.016017821512494586	0.006530420732246275	0.0785759662601923	0.13886748393948717	-0.08512830635272335	-0.09851868726502527
chatting_activity	0.06825139325239503	0.08376624588498105	0.43168900046594205	0.040016773424645664	-0.2132783136070254	0.2609735705033826	0.07880072057723819	-0.018042802036373037	-0.05749163818798759	0.0	0.0	0.03157158256380901	-0.03287818186529336	0.0	0.0	0.056622880309744474	-0.023193747471090976	0.0	-0.04036269217273894	-0.1085525958581786	-0.032878181865293524	-0.09293511001428292	0.08806818181818181	0.0	-0.12354324519884151	0.01814627207121728	-0.05235673853646205	-0.013257575757575489	-0.061420911303521994	0.0	-0.08008573633129172	1.0	-0.023193747471091042	0.0	-0.023193747471091125	-0.06670710747515804	-0.057491638187987575	-0.1056623391494333	0.0	0.06372485619806811	0.0	0.10959778811612232	-0.023193747471090997	-0.023642491110085217	0.10116324034041352	-0.05749163818798749	-0.08228467468958711	-0.09293511001428297	0.03571450251071947	0.08748414300461455	0.06847479777261516	-0.05755274881030121	0.13910851978044073	-0.030744838371839077	0.07587403468063143	0.018724227558049134	0.004873999619411497	-0.007633553722891943	-0.004550934969511858	-0.0630597695272351	-0.031030773535744224	-0.10895591083927135	0.024028691568766688	0.05975254755112201	0.009154548800706964	0.05093537562691569	-0.12395783663795668	-0.009145920508303321	-0.09357834201042566	-0.058758756284516406	-0.03981895284635482	-0.030716421505806495	0.27482864174707294	0.18485850468057902
in_class_activity	0.04418672147453197	0.060335017767593736	0.021761345339236106	-0.10977284840643158	0.09697193958841666	-0.017258252577469727	-0.04285681105110709	-0.0869341150765112	-0.011637351602893186	0.0	0.0	-0.023777020524277655	-0.0066551410690229825	0.0	0.0	0.21950817725404598	-0.004694835680751184	0.0	-0.008170141872068845	0.08693411507651129	-0.006655141069022984	-0.01881175394504152	-0.023193747471091007	0.0	0.08278514855532033	-0.03485877136246077	-0.01059795466494224	-0.023193747471091045	-0.05136830993738887	0.0	-0.03234621563639219	-0.023193747471091042	1.0	0.0	-0.004694835680751188	-0.013502729937213707	-0.011637351602893206	-0.02138797624526603	0.0	-0.020764353561921762	0.0	-0.025481086822107885	-0.004694835680751184	-0.035356812290532356	-0.07315813472236896	-0.011637351602893217	-0.02603582100291103	-0.018811753945041525	0.4034281889002987	0.06797922730236504	-0.03749067144982348	-0.08698674406188255	-0.02000151042028044	0.06160263659765869	-0.02307809696062143	-0.01981226353496344	-0.03272955046111991	-0.029435111495146396	-0.03445911026633494	-0.03790610844669737	0.0013222884219295477	0.03579404811044193	-0.014762569802458403	0.0033804848864646838	-0.024341469959442297	-0.03013194428894323	0.08280547498592317	0.07738435665686275	0.09787586950176061	-0.04118758806867848	-0.013665463828176206	-0.019348069715188036	-0.05430820511978774	-0.04252299394877072
workshop_activity	0.0	0.0	0.0	0.0	0.0	0.0	0.0	0.0	0.0	0.0	0.0	0.0	0.0	0.0	0.0	0.0	0.0	0.0	0.0	0.0	0.0	0.0	0.0	0.0	0.0	0.0	0.0	0.0	0.0	0.0	0.0	0.0	0.0	0.0	0.0	0.0	0.0	0.0	0.0	0.0	0.0	0.0	0.0	0.0	0.0	0.0	0.0	0.0	0.0	0.0	0.0	0.0	0.0	0.0	0.0	0.0	0.0	0.0	0.0	0.0	0.0	0.0	0.0	0.0	0.0	0.0	0.0	0.0	0.0	0.0	0.0	0.0	0.0	0.0
