	time	mood	unique_interactions	alone	morale	stress	fatigue	compulsions	email_activity	just_woke_up_activity	getting_ready_activity	errands_activity	resting_activity	with_parents_activity	reading_activity	with_friends_activity	therapy_activity	commuting_activity	meditation_activity	schoolwork_activity	washing_up_activity	with_k_activity	eating_activity	trying_to_leave_apt_activity	work_activity	tv_activity	working_out_activity	feedly_activity	leisure_activity	cooking_activity	ash_stuff_activity	chatting_activity	in_class_activity	workshop_activity	shopping_activity	studying_activity	working_activity	friend_home_location	library_location	la_location	therapy_location	parents_home_location	airport_location	vacation_location	home_location	cafe_location	mountain_view_location	k_home_location	school_location	Sadness_score	Analytical_score	Joy_score	Fear_score	Tentative_score	Anger_score	Confident_score	word_count	uniqueword_ratio	backspace_count	avg_dwelltime	avg_flighttime	avg_attention	avg_engagement	avg_valence	blinks	productivity_score	current_tabCount	current_windowCount	tabs_activated	tabs_created	windows_created	phone_unlocks	phone_use_secs	walking_distance	walking_duration	avg_walking_speed	time_of_day
time	1.0	-0.031474166758140916	0.08062015970123365	-0.21077519200620892	-0.08987574364332362	0.10514172551678226	0.36686668493820257	0.06109179247838609	0.014420309649446749	0.0	0.0	-0.010028950121419524	-0.0789190795682757	0.0	0.050690419313536	0.14364259816950586	0.062042301985376955	0.0	0.04250651226484685	0.3035545070299519	-0.1285228302187573	-0.0501376944152932	-0.05922423124579235	0.0	0.2888729910702251	0.047882526458405336	-0.01513218143129636	-0.10692962129947253	0.005401693456013898	0.07206338881987513	-0.19958465363614872	-0.05471854815940506	0.0015558850653255292	0.0	-0.06705911107401046	-0.1060281425396653	-0.038853846643989505	0.17868480601063072	0.09130461694801709	-0.22000259640295441	0.0	0.13164419843305508	0.0211171787376293	-0.4216551392059513	-0.0673122338037014	0.014753859938787757	-0.3447926213432953	-0.003982624733853901	0.18214180317846526	0.031506872459515285	0.01701278548585995	-0.06600646300104296	0.03749479948662295	-0.17685417152967572	0.08023945122162307	-0.03849030243577545	-0.04821897924440154	0.05856012637237933	-0.004818166312111758	-0.02841638815618931	0.05165222154922457	0.012152653599806013	0.049612866909747255	-0.00419848987940114	-0.09721816229161312	0.2349077777282208	0.4619525868847139	0.05746093339047353	0.3294815150884394	0.22109746543912007	0.04459410222771072	-0.06033779101426197	-0.06544367560624262	-0.1254357975163237	-0.11499115773418075	-0.14250962433488082	-0.03815380406923335
mood	-0.031474166758140916	1.0	0.13474053923586976	-0.29507544071526604	0.6037520015885156	-0.38784751944298895	-0.3496852042757789	-0.14029463443973822	0.0008167918535041864	0.0	0.0	0.0036022447270791275	0.04186918531497402	0.0	-0.04233528793582012	0.35771884668833925	0.007924091338383857	0.0	-0.07356002404486708	0.15176156005666397	-0.09391119059138611	0.26268350108772154	0.023692029064996532	0.0	0.1713557809596621	-0.24187759451228355	-0.0059109299616603005	-0.06594273721324487	-0.19753799622428236	0.0055943059058047966	-0.05124665464696299	0.13879125459766736	0.05352389974743008	0.0	0.00559430590580485	0.08173023484126525	0.03323384915821895	0.1188470897257451	0.007924091338383817	0.07085535053146838	0.0	-0.12699794140971363	0.005594305905804827	0.1405645311209408	-0.24337993858233484	0.15187978985697229	0.11700203765334823	0.16141178342909296	0.14053832711412312	0.007236002987345083	0.051926583919943675	0.08650262505362087	-0.09588632426370593	-0.0018830725181491026	0.027049659422657	-0.0014368608170913417	0.16558151932082044	-0.15980908940679658	0.23277540806548672	0.007979773939180687	-0.004008840816428071	0.004038164966075218	0.18181173454846572	0.1190524255290472	-0.03621034200962258	0.11264430287271851	0.04536105186714092	0.1760560121291932	0.042109190240516646	0.02098263692048082	0.04135787091094684	-0.02362836440230271	-0.02862415131469303	-0.0860812767723439	-0.08150798831727739	-0.1065925933207007	0.025554706423069083
unique_interactions	0.08062015970123365	0.13474053923586976	1.0	-0.18131279271899353	-0.0037671448282135833	0.18736753143638943	-0.03301938330780393	-0.019200673536356263	0.0695341682486002	0.0	0.0	0.08819295655691167	0.032412467070793274	0.0	-0.016973492265625507	0.1321249447276985	0.03241246707079305	0.0	0.22443374824080958	-0.056482594190471296	0.004185126242657335	0.059075557217702586	0.021054296564662133	0.0	-0.045432769548895025	-0.1679723107922944	0.07290144774707638	0.012022839550828663	-0.08247999957368216	0.022882782165509905	0.16803786127984938	0.44242554897334646	0.022882782165510117	0.0	-0.056829766696760875	-0.03812068564544757	0.061125234845668064	0.01951454263194679	0.004185126242657323	0.08049000348617605	0.0	0.21933211048905882	0.02288278216551007	-0.0010504940922399122	-0.16527988562011747	0.07290144774707645	-0.06804523056708486	-0.004084482033601625	0.0998051670782416	0.12967444419941654	-0.04643571884248501	0.12003900770524051	0.08813916615499816	0.1348476708088019	0.13854636912203047	-0.09567151382632433	0.26922178830840754	-0.20573905029246614	0.11121862132004097	0.010023625388740664	-0.192962500125406	0.07217616244192612	0.0929162761761303	0.14300339570384465	0.05397835487383804	-0.06269618041163695	-0.15970919831605274	-0.04205566787319341	0.19568155662751727	0.14436578372411413	0.04890111728378743	0.3868045711639666	0.2818582052397328	-0.007799396141210708	-0.005402236402518705	-0.032800276382277886	0.04514136807342988
alone	-0.21077519200620892	-0.29507544071526604	-0.18131279271899353	1.0	-0.13717003772690836	-0.04488812977334957	-0.009674936277043055	0.07981263246023265	0.007017106596735426	0.0	0.0	0.11625343582867503	-0.048573383015581575	0.0	0.03159037152498867	-0.4639445085701043	0.04474638920223264	0.0	0.05489010710136873	-0.2334732060471004	0.0447463892022326	-0.39686599016704877	0.06050276146256476	0.0	-0.21172747870748226	0.156147068435579	0.07799983886892016	0.038996055705946726	0.1252734836929012	0.03159037152498875	0.07988349627087558	0.027241674932031387	-0.10017473075687229	0.0	0.03159037152498895	-0.03747134922656777	0.08438523184638397	-0.3839778942800611	-0.14189315523339574	0.04199996135857475	0.0	-0.26299801226114267	-0.1001747307568723	0.12255472005206577	0.6834062210077704	-0.24734159430802097	0.11840772374953258	-0.2576609900199356	-0.4049924331482742	-0.029030414062753893	0.0005901660738271007	-0.05385857155768375	0.05810000853210882	0.06909421977818347	-0.021693199652273336	-0.00016800271980440195	-0.20972399477427497	0.1994922554864974	-0.26391867800209234	-0.10085401237070911	-0.03243872891832385	0.0218821180573813	-0.017813135698614296	0.0281642795562835	0.10126917871093435	-0.19614540910377692	0.04593155955077274	-0.1400958190354954	-0.20543178372069418	-0.13476961485696307	-0.051052866799617146	-0.1552286970359276	-0.09128650726245136	0.050558960352020586	0.04754153018789651	0.07755981662868623	-0.07257837372410131
morale	-0.08987574364332362	0.6037520015885156	-0.0037671448282135833	-0.13717003772690836	1.0	-0.2809912310180898	-0.5763377589637892	-0.1397774158759348	0.06473450853253895	0.0	0.0	-0.006395555375194291	0.02467457573841971	0.0	-0.12238052828759004	0.1015083719462353	0.024674575738419566	0.0	-0.010217094667369551	0.4294400709966664	-0.17334670297244328	0.18901461858659113	0.06895892116954908	0.0	0.4402956767108331	-0.42712070303267097	-0.00013611259726155464	-0.17933957836540923	-0.4398326392125611	0.017419931053548783	0.09996694262279798	-0.1493547885811351	0.0873201607241178	0.0	0.017419931053548905	0.06473450853253923	0.033195561753782514	-0.011194154020518274	0.04942723557727743	0.20301002464677517	0.0	-0.04314877752523499	0.017419931053548863	0.33934933744426166	-0.23845390475704728	0.1580720962863968	0.2559747446176428	0.07824407335420884	0.08444725462672192	-0.09670713494610178	0.12947265052941465	-0.013144626677023716	-0.14482580788421368	-0.09125375311705312	-0.01839713793660801	-0.012725044955445502	0.077699265617163	-0.11588869715245671	0.26451850836642854	-0.03505027501937288	0.14992724216706532	-0.04408385337842868	0.07297560439545783	-0.04164758657111107	-0.0025314175105601504	0.24826354889164212	0.21786830323316989	0.17370194991934165	0.0004544779666647811	0.01595687892351834	0.0293991557123991	-0.06560886497065661	-0.02791221989810693	-0.21005827553184295	-0.20914697655500475	-0.20493765029612318	-0.1874409004476739
stress	0.10514172551678226	-0.38784751944298895	0.18736753143638943	-0.04488812977334957	-0.2809912310180898	1.0	0.17716088998042423	0.03790397009035607	0.0004933803969772006	0.0	0.0	0.029500062295248	-0.036222320810442264	0.0	-0.04101340234604859	-0.054954526016324945	-0.014350938530613236	0.0	0.1076000530977267	-0.01120675169884335	-0.03622232081044241	-0.11354606037933822	-0.0009931552445842278	0.0	-0.0006778151850147709	-0.055440659452095115	0.05123447355645835	-0.03013887822832633	-0.08195083568954271	0.051632074212365014	0.07237212519135379	0.21715881142664403	-0.010131576826577332	0.0	-0.041013402346048874	-0.09334757110809885	0.0672133904665167	-0.020572726675195604	-0.05809370309027094	-0.08160462564315607	0.0	0.3059050454643961	0.051632074212365084	-0.11295177487454197	-0.14432601054450114	0.013109290182286319	-0.07356626185732386	-0.01566951071176443	0.045606056332825815	0.0945611928772752	-0.02290754655596434	-0.05490635125540243	0.13908289505972224	-0.005717852772786936	0.14540841086240838	-0.03311146945499213	0.10983006945837677	-0.11956630519840057	0.012617916806168788	-0.05067601482342949	-0.10447553112566926	-0.00728801353125435	-0.037720534019033844	-0.09622700599576856	0.04303640857642251	0.015927355575922023	-0.10003873876560795	-0.05600680194895299	0.1342850484166874	0.04192054593824986	0.022911673460738746	0.21571120677000444	0.16849541182625405	-0.055609880024547635	-0.051238909161206776	-0.06717880615276997	-0.10848739456706742
fatigue	0.36686668493820257	-0.3496852042757789	-0.03301938330780393	-0.009674936277043055	-0.5763377589637892	0.17716088998042423	1.0	0.10891435612883488	-0.021481773957197095	0.0	0.0	-0.017053882747388307	0.02297096456843918	0.0	0.102514505384609	-0.0878775383158483	0.005508624596748037	0.0	0.006757394272198471	-0.1020707203304482	0.12774500439858794	-0.023665562403124403	-0.08895673964699823	0.0	-0.10754538282134606	0.22067543661404143	0.019748894783381273	0.04090743159866473	0.16266613102906424	0.05320176151978166	-0.07366336882810078	0.01509849520449552	-0.04542372620987242	0.0	-0.09473647007469864	-0.021481773957197046	-0.0178384886656524	0.05613792054061638	-0.06434073529001698	-0.10252753231397088	0.0	0.0609759930194537	0.0038890176549548397	-0.39182125673757273	0.252812498699775	-0.08171625345538491	-0.404886695028495	0.0479679585167495	-0.1742214170423438	0.08300758408223169	-0.02326797268300651	-0.017301448587831197	0.20403342907142363	0.011729439963494112	0.06527051825988757	0.03009500920269344	0.007167976626051214	0.007452029832298998	-0.11809802592708186	0.08111660393311941	-0.07557187330659436	0.0035017667616943603	-0.023776617184440175	0.06406663926513388	-0.030985152827454294	-0.08289323459302113	-0.05475078239977303	-0.15594872415533265	0.06483353882035855	0.0636588121929122	0.07491683982867862	0.020613571873816027	-0.023136772065983153	0.1675714890975295	0.17064203797523314	0.14765501932403288	0.2720099840182824
compulsions	0.06109179247838609	-0.14029463443973822	-0.019200673536356263	0.07981263246023265	-0.1397774158759348	0.03790397009035607	0.10891435612883488	1.0	-0.018661969610949323	0.0	0.0	-0.14200682042778154	-0.09940941838114574	0.0	0.045090873316346154	-0.05646887242605824	-0.017770077379013	0.0	0.011583711724488563	0.019464100017244926	-0.09940941838114596	0.026411562563400267	-0.019016317003243764	0.0	0.010977290148068673	0.0963944711441814	-0.030975978106007464	-0.10278357503682313	0.049453301365972334	0.045090873316346064	0.051523170960257623	-0.029279256066010322	-0.07018176250044246	0.0	-0.0701817625004428	0.05917808784524762	-0.01151751345738431	-0.005295989469304122	-0.0994094183811453	0.0849406715220854	0.0	0.02757091910820559	0.045090873316346244	0.04820296385957859	0.06475172474112065	0.016460664694013676	-0.010154169815293755	-0.03447909440094817	-0.13851321123725954	0.09388864982016015	-0.067435703229424	-0.029228568005193543	0.009609143827466509	-0.02662998030036385	0.016122363711302403	0.026688379271770864	0.053080164016630384	-0.040965219999385745	-0.017264330135559863	0.04869463154407392	0.015222642783111336	0.038354689352793625	0.046781866951127515	-0.0014685804481385368	-0.12031235244253866	0.08044033256729709	0.07898375236135066	0.010912067348182097	-0.02389014560045579	-0.029117602703965625	-0.03816166535380152	-0.02749674100540428	-0.036610586559272455	0.02998455527026257	0.03708580630236105	0.03599489133316363	0.09149288415945467
email_activity	0.014420309649446749	0.0008167918535041864	0.0695341682486002	0.007017106596735426	0.06473450853253895	0.0004933803969772006	-0.021481773957197095	-0.018661969610949323	1.0	0.0	0.0	-0.06308637790097986	-0.013620894132079784	0.0	-0.009616174931797002	-0.052158942730486636	-0.013620894132079849	0.0	-0.016708663001772817	0.03147904513556542	-0.013620894132079718	0.05136007792775515	0.007665193456136644	0.0	0.024940151228347113	-0.09516315788166177	-0.023743313516341603	0.08392652924946674	-0.018101872463758478	-0.00961617493179701	0.04944063836921046	-0.05001778726488193	-0.009616174931796995	0.0	-0.00961617493179699	-0.02922077922077935	-0.025687040446902745	0.02045171745941823	-0.013620894132079847	0.12220065646405923	0.0	0.018123760351964172	0.32908687544372023	0.03931408392811666	-0.02553307174422555	-0.023743313516341617	-0.05215894273048654	0.05136007792775506	-0.041941750735545485	-0.05660981351597968	0.08258537280128406	-0.017041517222619866	-0.05073049754301812	-0.033864733476185425	0.0634457669476536	-0.003345154877878674	0.07481855566438514	-0.07674241830773659	0.10749507423463722	-0.007243895605500624	-0.05397372194382011	0.01959584490870048	0.06968107411304297	0.0216979096925381	-0.005828315126824201	-0.024904668489918968	0.004015800128154056	-0.03429098235853846	0.008578678061417943	0.058629523474703286	0.04183369411223143	0.082721017262208	0.09352157857775198	-0.012499979256774226	-0.01515000731003975	-0.002951020248809417	-0.11910943887103498
just_woke_up_activity	0.0	0.0	0.0	0.0	0.0	0.0	0.0	0.0	0.0	0.0	0.0	0.0	0.0	0.0	0.0	0.0	0.0	0.0	0.0	0.0	0.0	0.0	0.0	0.0	0.0	0.0	0.0	0.0	0.0	0.0	0.0	0.0	0.0	0.0	0.0	0.0	0.0	0.0	0.0	0.0	0.0	0.0	0.0	0.0	0.0	0.0	0.0	0.0	0.0	0.0	0.0	0.0	0.0	0.0	0.0	0.0	0.0	0.0	0.0	0.0	0.0	0.0	0.0	0.0	0.0	0.0	0.0	0.0	0.0	0.0	0.0	0.0	0.0	0.0	0.0	0.0	0.0
getting_ready_activity	0.0	0.0	0.0	0.0	0.0	0.0	0.0	0.0	0.0	0.0	0.0	0.0	0.0	0.0	0.0	0.0	0.0	0.0	0.0	0.0	0.0	0.0	0.0	0.0	0.0	0.0	0.0	0.0	0.0	0.0	0.0	0.0	0.0	0.0	0.0	0.0	0.0	0.0	0.0	0.0	0.0	0.0	0.0	0.0	0.0	0.0	0.0	0.0	0.0	0.0	0.0	0.0	0.0	0.0	0.0	0.0	0.0	0.0	0.0	0.0	0.0	0.0	0.0	0.0	0.0	0.0	0.0	0.0	0.0	0.0	0.0	0.0	0.0	0.0	0.0	0.0	0.0
errands_activity	-0.010028950121419524	0.0036022447270791275	0.08819295655691167	0.11625343582867503	-0.006395555375194291	0.029500062295248	-0.017053882747388307	-0.14200682042778154	-0.06308637790097986	0.0	0.0	1.0	0.21590864121980818	0.0	-0.020760898986495382	-0.008231642152204446	0.09325086475622478	0.0	0.06423573334166952	-0.24580545879169982	-0.029406911707357104	-0.036507115532953396	0.009282922955766321	0.0	-0.23984866567176938	-0.06834018068639035	0.020009686618662884	0.06135317284109703	-0.032427697127073794	-0.020760898986495326	-0.05249869237706927	0.036146960954427716	-0.020760898986495465	0.0	-0.020760898986495437	-0.06308637790098008	0.010632769744839662	0.07218025222031936	-0.02940691170735728	-0.09055039623480614	0.0	-0.03952539270851781	-0.02076089898649543	-0.09445558942824411	0.06318787007727565	-0.05126077021410183	-0.04302404964885546	0.009235001557743226	-0.09055039623480558	-0.008682828355690472	0.08419988495739499	0.04092777697919553	0.023348513576765522	0.13166138649093442	0.029834429285927035	-0.030393391790614926	-0.048904846705511165	0.08204695498195222	-0.06549163476312492	-0.03494513434314025	-0.1558828757138135	-0.006409303645640464	-0.010257319851633197	0.005345540278036422	0.0715904559426318	-0.22355928515687823	-0.1282868967173648	-0.018293664649894514	0.025985257649685345	-0.010655550694777388	-0.05933775307290548	0.08666862034465697	0.11759682044507438	-0.03400256060653645	-0.03462424693752043	-0.017291219444382944	-0.08820730686006793
resting_activity	-0.0789190795682757	0.04186918531497402	0.032412467070793274	-0.048573383015581575	0.02467457573841971	-0.036222320810442264	0.02297096456843918	-0.09940941838114574	-0.013620894132079784	0.0	0.0	0.21590864121980818	1.0	0.0	-0.004482457490675868	-0.02431322695419328	-0.006349206349206311	0.0	-0.007788530487712246	-0.07409585736349542	-0.006349206349206459	0.16988792854668017	-0.02623357940123096	0.0	-0.07696327012111143	-0.04435909422493338	-0.011067643244807608	-0.02431322695419342	-0.0630263752116841	-0.004482457490675866	-0.030279578966895707	-0.02331515459968877	-0.004482457490675944	0.0	-0.0044824574906759725	-0.013620894132079717	-0.011973686801784974	-0.02331515459968883	-0.006349206349206327	-0.019550613012971802	0.0	-0.023817704371115113	-0.004482457490675916	-0.03241018617760773	-0.02105945861039673	-0.011067643244807565	-0.02431322695419348	0.1698879285466802	-0.019550613012971875	0.1044250822593959	0.04575171400989248	-0.01992909719781529	0.11218663088860013	0.07955987425023067	-0.027006740274377487	-0.023922534626769836	0.04949011826137384	-0.06137357763644937	0.029443285370781027	-0.008917174622923471	-0.07897487785148233	-0.2172911282562195	-0.02841714473084639	-0.014047133091058695	0.06837480693506796	-0.058884074637519414	-0.16225910660872989	-0.03427681237350728	0.00892924533812002	-0.000502848295432093	-0.022839326635465052	0.16510390199960892	0.256693538495782	-0.027541920854341425	-0.027421590144862968	-0.029779236940315375	0.06744018950793607
with_parents_activity	0.0	0.0	0.0	0.0	0.0	0.0	0.0	0.0	0.0	0.0	0.0	0.0	0.0	0.0	0.0	0.0	0.0	0.0	0.0	0.0	0.0	0.0	0.0	0.0	0.0	0.0	0.0	0.0	0.0	0.0	0.0	0.0	0.0	0.0	0.0	0.0	0.0	0.0	0.0	0.0	0.0	0.0	0.0	0.0	0.0	0.0	0.0	0.0	0.0	0.0	0.0	0.0	0.0	0.0	0.0	0.0	0.0	0.0	0.0	0.0	0.0	0.0	0.0	0.0	0.0	0.0	0.0	0.0	0.0	0.0	0.0	0.0	0.0	0.0	0.0	0.0	0.0
reading_activity	0.050690419313536	-0.04233528793582012	-0.016973492265625507	0.03159037152498867	-0.12238052828759004	-0.04101340234604859	0.102514505384609	0.045090873316346154	-0.009616174931797002	0.0	0.0	-0.020760898986495382	-0.004482457490675868	0.0	1.0	-0.017164823489623993	-0.004482457490675875	0.0	-0.005498601700095506	-0.05231071611156046	-0.0044824574906758615	-0.012537144075009709	-0.018520567457850388	0.0	-0.054335072399152834	-0.031316946284633614	-0.007813612857773529	-0.01716482348962401	0.07112034407215799	-0.003164556962025317	-0.02137699077486109	-0.0164601973276086	-0.00316455696202533	0.0	-0.003164556962025331	-0.009616174931797018	-0.008453267880067731	-0.016460197327608568	-0.004482457490675876	-0.013802479700199969	0.0	-0.01681499096061894	-0.003164556962025327	-0.022881171884448135	0.04331825207007967	-0.007813612857773518	-0.017164823489623927	-0.012537144075009707	-0.013802479700200036	-0.04332713316497572	-0.03199271320470653	0.027674176940009884	-0.016694740926137316	0.06946781101424834	-0.0190664090255555	-0.016888999764060424	-0.011489718722844874	0.01648098514691886	-0.03198997148286296	-0.004773113347375183	0.0042928813736507945	-0.011692669338160861	0.03353344646701223	-0.0012619322031612935	0.026761835462112932	0.028917211565990423	-0.020961986710870777	-0.024198985814869012	0.007952732214053881	-0.008393318009150622	-0.016124268944563622	-0.041016292830302385	-0.032916438706717864	-0.019444239586980445	-0.019359287663795747	-0.02102375578113217	0.08312477733492042
with_friends_activity	0.14364259816950586	0.35771884668833925	0.1321249447276985	-0.4639445085701043	0.1015083719462353	-0.054954526016324945	-0.0878775383158483	-0.05646887242605824	-0.052158942730486636	0.0	0.0	-0.008231642152204446	-0.02431322695419328	0.0	-0.017164823489623993	1.0	-0.024313226954193263	0.0	-0.029824878728515757	0.05618993593671176	-0.024313226954193353	-0.06800252537524118	-0.02436415161532313	0.0	0.04451804347106477	-0.036909102157217676	-0.04238169422430054	-0.012132822477650252	-0.055538110928164734	-0.017164823489623903	-0.013849654807835376	0.03650621195437923	0.18436291896262932	0.0	-0.017164823489624066	-0.05215894273048654	-0.04585123693871046	0.49772781008815	-0.02431322695419332	0.02279864245203707	0.0	-0.09120592717469199	-0.017164823489624035	-0.05934778879389555	-0.3261146547795943	0.04055038644917595	-0.09310344827586181	-0.0680025253752412	0.3646242343511603	0.06618421874689792	-0.051834243765387804	0.10696052029059726	-0.09055368085987892	-0.008123190188250086	0.07804630929417242	0.13963238690652627	0.08102367964408977	-0.06596888927782384	0.057064069790086755	-0.024558974854279096	-0.00627821353797368	0.041330126138340036	0.09378532887793814	0.11284607220683325	-0.0052181141977522055	0.05407703864219807	-0.07072437632511898	0.1255857238300247	0.20875172083352797	0.1611725559184066	0.12871704006387114	0.06648720529299866	-0.034942425943477684	-0.021623024893606967	-0.021566388677209704	-0.0455693564167041	-0.039009585786656906
therapy_activity	0.062042301985376955	0.007924091338383857	0.03241246707079305	0.04474638920223264	0.024674575738419566	-0.014350938530613236	0.005508624596748037	-0.017770077379013	-0.013620894132079849	0.0	0.0	0.09325086475622478	-0.006349206349206311	0.0	-0.004482457490675875	-0.024313226954193263	1.0	0.0	-0.007788530487712245	-0.074095857363495	-0.0063492063492063015	-0.01775832005714436	-0.02623357940123092	0.0	-0.07696327012111163	-0.044359094224933227	-0.011067643244807576	-0.024313226954193252	-0.0630263752116839	-0.004482457490675873	-0.03027957896689545	-0.02331515459968885	-0.0044824574906758815	0.0	-0.004482457490675883	-0.013620894132079809	-0.01197368680178498	-0.02331515459968884	-0.006349206349206336	-0.01955061301297183	0.0	0.12137868573741416	-0.004482457490675877	-0.03241018617760824	-0.021059458610396976	-0.011067643244807567	-0.024313226954193263	-0.01775832005714436	-0.019550613012972	0.11595112584128887	-0.04531628871666815	-0.018646977161743666	-0.02364737542008525	0.09611687642637835	0.1219737767696777	-0.02392253462676966	-0.045263121674074515	0.06778524733034072	-0.04956679408027626	-0.008530147835529767	-0.013561763459880902	-0.005979944912167638	0.08104306387717117	0.08059710049150387	-0.029122246979653578	-0.0032302040550186003	0.017653743005478537	0.04803947188711271	0.03111606244682336	0.010883073822566203	0.16768874029723227	0.027749010100973106	0.0010413959756869603	-0.027541920854341647	-0.02742159014486262	-0.029779236940315073	-0.024780963752523876
commuting_activity	0.0	0.0	0.0	0.0	0.0	0.0	0.0	0.0	0.0	0.0	0.0	0.0	0.0	0.0	0.0	0.0	0.0	0.0	0.0	0.0	0.0	0.0	0.0	0.0	0.0	0.0	0.0	0.0	0.0	0.0	0.0	0.0	0.0	0.0	0.0	0.0	0.0	0.0	0.0	0.0	0.0	0.0	0.0	0.0	0.0	0.0	0.0	0.0	0.0	0.0	0.0	0.0	0.0	0.0	0.0	0.0	0.0	0.0	0.0	0.0	0.0	0.0	0.0	0.0	0.0	0.0	0.0	0.0	0.0	0.0	0.0	0.0	0.0	0.0	0.0	0.0	0.0
meditation_activity	0.04250651226484685	-0.07356002404486708	0.22443374824080958	0.05489010710136873	-0.010217094667369551	0.1076000530977267	0.006757394272198471	0.011583711724488563	-0.016708663001772817	0.0	0.0	0.06423573334166952	-0.007788530487712246	0.0	-0.005498601700095506	-0.029824878728515757	-0.007788530487712245	0.0	1.0	-0.02555719023821636	-0.00778853048771227	-0.0217840167051598	-0.03218056269250845	0.0	0.03599523040789612	-0.054415014850065585	0.46462164816385654	-0.02982487872851584	-0.07731404806642476	-0.005498601700095483	0.06097767967716478	-0.02860054980700044	-0.005498601700095534	0.0	-0.005498601700095563	-0.01670866300177278	0.4287510100859238	-0.028600549807000417	-0.007788530487712217	-0.02398261091703686	0.0	0.3270059266147306	-0.005498601700095529	-0.039757366397185176	-0.12693498553911883	-0.013576606602190578	-0.029824878728515938	-0.021784016705159812	-0.023982610917036865	0.046451680886339254	0.012968619774884371	0.07553085339015861	-0.02900808294515975	0.02711533415617564	-0.0331289941501124	-0.02934561896972146	0.1197988359509137	-0.048081562665028624	0.039348593474942344	-0.008071950366554509	-0.05054325498634377	-0.04305486381546097	0.052509190732774304	0.07149618849588878	0.001650617215115926	0.08344296252241726	-0.07514160611011628	-0.04204714471534331	0.04151224120309609	0.008694517400860862	-0.02801685471151455	0.12062588353070912	0.07143317348726513	-0.03378549671661126	-0.033637887811207794	-0.03652999793264589	0.021022757941352506
schoolwork_activity	0.3035545070299519	0.15176156005666397	-0.056482594190471296	-0.2334732060471004	0.4294400709966664	-0.01120675169884335	-0.1020707203304482	0.019464100017244926	0.03147904513556542	0.0	0.0	-0.24580545879169982	-0.07409585736349542	0.0	-0.05231071611156046	0.05618993593671176	-0.074095857363495	0.0	-0.02555719023821636	1.0	-0.07409585736349561	0.1204913294186312	-0.007994659470146997	0.0	0.9627431013117741	-0.36882873293626534	-0.08273885376746046	-0.14776666358929114	-0.4495005268185647	0.06049538597935539	-0.2390626726773103	-0.1312696047148963	0.060495385979355325	0.0	-0.05231071611156107	-0.0446954381314134	-0.0966867581079671	-0.013919168463846792	0.08568908674689876	0.18185347527217338	0.0	0.09090624446126654	-0.052310716111560684	0.18365455307702266	-0.26539501177854125	0.14936925812886753	0.07885178032848907	0.1502852072857967	0.15451940620565985	9.102670651775998e-06	0.15151206502728526	-0.11365036670201695	-0.06554958682907477	-0.2145557942545604	0.03483488442449006	-0.004773508965942327	0.02303317999759538	-0.07168669173498567	0.19702285645081957	-0.0406709926309418	0.1958029903504975	-0.036135051293513264	-0.03261315197910977	-0.10440526722537848	-0.07814608277813351	0.29965777834985746	0.396210278737533	0.05743343071591337	0.08306864811825077	0.05921325664024087	0.05614489844895421	-0.09007872704542773	-0.08981774129013134	-0.18041416892031648	-0.18024517777034735	-0.19268031934022253	-0.07820995385396164
washing_up_activity	-0.1285228302187573	-0.09391119059138611	0.004185126242657335	0.0447463892022326	-0.17334670297244328	-0.03622232081044241	0.12774500439858794	-0.09940941838114596	-0.013620894132079718	0.0	0.0	-0.029406911707357104	-0.006349206349206459	0.0	-0.0044824574906758615	-0.024313226954193353	-0.0063492063492063015	0.0	-0.00778853048771227	-0.07409585736349561	1.0	-0.017758320057144335	-0.026233579401230955	0.0	-0.07696327012111126	-0.044359094224933386	-0.011067643244807607	-0.02431322695419355	-0.06302637521168433	-0.004482457490675859	-0.03027957896689582	-0.023315154599688786	-0.004482457490675936	0.0	-0.004482457490675988	-0.013620894132079706	-0.011973686801784974	-0.023315154599688758	-0.006349206349206316	-0.019550613012971764	0.0	-0.023817704371115023	-0.004482457490675909	-0.03241018617760768	0.061358422617946225	-0.011067643244807605	-0.024313226954193558	-0.01775832005714434	-0.0195506130129718	0.08492681496478585	0.021325399193010512	0.06212003778706072	0.2343270813568568	0.056465986519508155	0.09094886456049406	-0.023922534626769822	0.19486495213493868	-0.11156435074193781	0.06104731715120388	-0.007465074570194315	-0.03754402937036708	0.021370489102146048	-0.045116942348621	-0.013537952533518334	-0.016935115240313218	0.010494819333555264	-0.13385181456438083	-0.03427681237350715	-0.04712166104176206	-0.01758173147242956	0.040670029008767115	0.09070333555451439	0.024431923357594924	0.05666427572172101	0.04760405545763683	0.10472200810437511	0.08420767191892958
with_k_activity	-0.0501376944152932	0.26268350108772154	0.059075557217702586	-0.39686599016704877	0.18901461858659113	-0.11354606037933822	-0.023665562403124403	0.026411562563400267	0.05136007792775515	0.0	0.0	-0.036507115532953396	0.16988792854668017	0.0	-0.012537144075009709	-0.06800252537524118	-0.01775832005714436	0.0	-0.0217840167051598	0.1204913294186312	-0.017758320057144335	1.0	0.07668727480905509	0.0	0.11180455952499777	-0.12406952134889272	-0.03095548328558386	-0.06800252537524089	-0.11520858898058434	-0.012537144075009618	-0.03994546253790421	-0.06521098146618347	-0.0125371440750097	0.0	-0.012537144075009771	0.2302737559837751	-0.03348962859219053	-0.06521098146618387	-0.017758320057144256	0.07371916983898368	0.0	-0.0666165807166711	-0.01253714407500971	0.037065449575931865	-0.1972124396871921	0.0780766078425297	-0.014775857365484684	0.6501103752759371	-0.05468180180364228	-0.058196729599318056	0.10602283489168658	-0.00375807878483576	-0.06614018164235727	-0.045579598914645476	-0.07553610815507851	-0.06690978417064612	0.1627846352268026	-0.1372104857490983	0.30129718470571437	0.2614551974211586	0.049677847304601425	-0.03910851389333434	-0.032187495741720466	0.018415580698768523	-0.03486799602929761	0.10558470431912213	-0.06185832647629604	-0.0037766981607773543	-0.06516866727541992	-0.02688298519160805	-0.06388012138445447	0.0018447833236188422	0.05164311322706711	-0.07703297366938894	-0.07669641644725883	-0.08329060225137494	0.16361381921104737
eating_activity	-0.05922423124579235	0.023692029064996532	0.021054296564662133	0.06050276146256476	0.06895892116954908	-0.0009931552445842278	-0.08895673964699823	-0.019016317003243764	0.007665193456136644	0.0	0.0	0.009282922955766321	-0.02623357940123096	0.0	-0.018520567457850388	-0.02436415161532313	-0.02623357940123092	0.0	-0.03218056269250845	-0.007994659470146997	-0.026233579401230955	0.07668727480905509	1.0	0.0	0.02205791175941341	0.06661231556472487	0.11014336253814581	0.01368233144899963	0.0888236521023776	-0.018520567457850332	-0.06114189297173642	0.06128040483979767	-0.018520567457850468	0.0	-0.018520567457850516	0.07160904412969676	0.09506974402344255	-0.09633329361225819	-0.02623357940123089	0.10278331924710106	0.0	-0.021000586072464817	-0.01852056745785044	0.07909929984409794	0.05579104229501239	-0.045729163910927254	0.013682331448999305	0.07668727480905511	-0.03488842244866437	-0.027338993783711955	-0.007377019764316589	-0.06934308548235328	-0.057665775809166195	-0.051994833925781955	-0.0433113181923093	-0.054569351407982476	-0.021225409783845375	0.024578953200482832	0.005572271997202804	-0.01328968233701209	-0.006717376754811207	-0.011797724495193644	-0.005523004974397341	0.019651153074779434	0.0006866310797352374	-0.029241086606996123	0.016148183693420314	-0.0319105164237801	-0.12123524505442208	-0.10071877982717148	-0.0605082740726536	-0.014259742732074822	-0.015801295375478128	-0.07519944684714885	-0.07546666672832919	-0.09045142817580942	-0.08786331966646037
trying_to_leave_apt_activity	0.0	0.0	0.0	0.0	0.0	0.0	0.0	0.0	0.0	0.0	0.0	0.0	0.0	0.0	0.0	0.0	0.0	0.0	0.0	0.0	0.0	0.0	0.0	0.0	0.0	0.0	0.0	0.0	0.0	0.0	0.0	0.0	0.0	0.0	0.0	0.0	0.0	0.0	0.0	0.0	0.0	0.0	0.0	0.0	0.0	0.0	0.0	0.0	0.0	0.0	0.0	0.0	0.0	0.0	0.0	0.0	0.0	0.0	0.0	0.0	0.0	0.0	0.0	0.0	0.0	0.0	0.0	0.0	0.0	0.0	0.0	0.0	0.0	0.0	0.0	0.0	0.0
work_activity	0.2888729910702251	0.1713557809596621	-0.045432769548895025	-0.21172747870748226	0.4402956767108331	-0.0006778151850147709	-0.10754538282134606	0.010977290148068673	0.024940151228347113	0.0	0.0	-0.23984866567176938	-0.07696327012111143	0.0	-0.054335072399152834	0.04451804347106477	-0.07696327012111163	0.0	0.03599523040789612	0.9627431013117741	-0.07696327012111126	0.11180455952499777	0.02205791175941341	0.0	1.0	-0.38916491763876027	0.1438042228116245	-0.15902358797596736	-0.45259705649096665	0.05824151551281749	-0.2529700203995749	-0.1420856488082322	0.05824151551281789	0.0	-0.05433507239915299	-0.05107934818882651	0.15557663782922546	-0.024973972593438972	0.08249657712328318	0.17218987172125874	0.0	0.10240618934797703	-0.054335072399152896	0.20405120405817442	-0.27486589490059593	0.1438042228116243	0.1123652539534103	0.14153781906310556	0.14491141628115928	0.0062492599135604504	0.16424078914061793	-0.08177170745454777	-0.07665726916616052	-0.2129033788863375	0.043337858843253106	-0.016135645768221688	0.02731601287642653	-0.06685150329941575	0.2070549691705639	-0.04255585414984514	0.197337438071602	-0.027352942969800533	-0.03733446447722529	-0.1142543368838094	-0.07734744964748665	0.3060176232385515	0.3902923313759725	0.06710935926480015	0.06475552842742495	0.04712682084241267	0.04517373289719321	-0.07307724561702389	-0.03246334927455286	-0.19313946538523452	-0.19291361749156108	-0.20644419286620708	-0.07521795025738175
tv_activity	0.047882526458405336	-0.24187759451228355	-0.1679723107922944	0.156147068435579	-0.42712070303267097	-0.055440659452095115	0.22067543661404143	0.0963944711441814	-0.09516315788166177	0.0	0.0	-0.06834018068639035	-0.04435909422493338	0.0	-0.031316946284633614	-0.036909102157217676	-0.044359094224933227	0.0	-0.054415014850065585	-0.36882873293626534	-0.044359094224933386	-0.12406952134889272	0.06661231556472487	0.0	-0.38916491763876027	1.0	-0.07732472415323771	-0.11668309341065937	0.7038179504365657	-0.03131694628463354	-0.0997810902650427	-0.025194065444467874	-0.03131694628463374	0.0	-0.03131694628463385	-0.09516315788166187	-0.08365484941698481	0.029885374182403644	-0.04435909422493331	-0.10451777604286171	0.0	-0.08524992489683529	-0.0313169462846337	-0.14136292150249805	0.22906749020461734	-0.07732472415323774	-0.09009176299284594	-0.1240695213488928	-0.13659147885562728	0.032120285385532486	-0.05247797491379103	0.04135340225844509	0.0013543794822948917	0.04223013469656446	-0.04238777005167468	0.08915199688900582	-0.17569212754101016	0.2487988346859071	-0.22406676238180853	-0.04067160440660605	-0.07531406795912803	0.025996421672483592	0.03281995304170545	0.15122702266142063	0.03551245742025438	-0.24330231411643286	-0.06807360520412557	-0.055442534282500074	-0.1273251509195894	-0.11063835408762797	-0.11223901130347227	-0.026313518157398023	-0.06780875252342079	0.149458618679301	0.15268152300208265	0.10425106899284288	0.12910557727497274
working_out_activity	-0.01513218143129636	-0.0059109299616603005	0.07290144774707638	0.07799983886892016	-0.00013611259726155464	0.05123447355645835	0.019748894783381273	-0.030975978106007464	-0.023743313516341603	0.0	0.0	0.020009686618662884	-0.011067643244807608	0.0	-0.007813612857773529	-0.04238169422430054	-0.011067643244807576	0.0	0.46462164816385654	-0.08273885376746046	-0.011067643244807607	-0.03095548328558386	0.11014336253814581	0.0	0.1438042228116245	-0.07732472415323771	1.0	-0.042381694224300714	-0.014708657489674693	-0.007813612857773499	-0.05278196347335155	-0.04064190059583534	-0.00781361285777357	0.0	-0.0078136128577736	-0.023743313516341673	0.9243304445843413	-0.04064190059583527	-0.01106764324480755	-0.03407972558206663	0.0	0.127215171701143	-0.007813612857773558	0.009834478366558584	-0.03670987553551472	-0.019292604501607503	0.04055038644917578	-0.03095548328558388	-0.0340797255820664	0.02288277245846835	0.03415312841302403	0.11687451189041723	-0.04122101258502179	0.004458649633489681	0.03144037062095653	-0.04170065740480069	0.025430209329366397	0.019476717704424027	0.038081221151521155	-0.006428951206544535	0.009963399114953806	0.02679251156055532	-0.01817815324030255	-0.03634722646297236	-0.02597983648229705	0.046197257634146095	-0.05175727624877753	-0.011919774579449387	-0.03803719317062193	-0.020723955454955156	-0.03981245926659097	0.12153017426849275	0.21875858608213633	-0.04800980430108097	-0.04780004936626569	-0.05190979036288476	0.029873720759508605
feedly_activity	-0.10692962129947253	-0.06594273721324487	0.012022839550828663	0.038996055705946726	-0.17933957836540923	-0.03013887822832633	0.04090743159866473	-0.10278357503682313	0.08392652924946674	0.0	0.0	0.06135317284109703	-0.02431322695419342	0.0	-0.01716482348962401	-0.012132822477650252	-0.024313226954193252	0.0	-0.02982487872851584	-0.14776666358929114	-0.02431322695419355	-0.06800252537524089	0.01368233144899963	0.0	-0.15902358797596736	-0.11668309341065937	-0.042381694224300714	1.0	0.2464045739464622	-0.017164823489623917	-0.1159505983911795	-0.005423024239600021	-0.017164823489624125	0.0	-0.01716482348962421	0.1519692652394437	-0.0458512369387103	0.16229392053631758	-0.024313226954193336	-0.02603358496212299	0.0	-0.09120592717469206	0.1843629189626292	-0.09172859610485035	0.024558159213388643	-0.04238169422430066	-0.09310344827586184	-0.014775857365484677	-0.02603358496212335	0.035762225825374055	-0.024260595422870873	-0.06476531844375569	-0.09055368085987908	0.13143134564214393	-0.06810924024090625	0.011817822055726492	-0.07324388567017838	0.0909577456458547	-0.0843010912599154	-0.023006870128511547	-0.10912602154572568	0.055912981036038284	-0.03663864276691416	-0.03767283252207686	0.12441685450815965	-0.23078304867454097	-0.22382354438772462	0.00883887792352079	0.08652753238375953	0.006148591137315142	0.020628823639375474	0.032396061055496354	0.03850686903740613	0.06596301308021509	0.06459109900251005	0.05544667500093349	-0.024741079600845067
leisure_activity	0.005401693456013898	-0.19753799622428236	-0.08247999957368216	0.1252734836929012	-0.4398326392125611	-0.08195083568954271	0.16266613102906424	0.049453301365972334	-0.018101872463758478	0.0	0.0	-0.032427697127073794	-0.0630263752116841	0.0	0.07112034407215799	-0.055538110928164734	-0.0630263752116839	0.0	-0.07731404806642476	-0.4495005268185647	-0.06302637521168433	-0.11520858898058434	0.0888236521023776	0.0	-0.45259705649096665	0.7038179504365657	-0.014708657489674693	0.2464045739464622	1.0	-0.04449580500924743	-0.18342460487122242	-0.06305831660448716	-0.04449580500924782	0.0	0.07112034407215852	-0.018101872463758446	-0.03061932361746405	0.08127010479350927	-0.06302637521168401	-0.1380422285164266	0.0	-0.09466148898621836	0.07112034407215813	-0.1359565247889266	0.15307483488264567	-0.06228666181852115	-0.05553811092816457	-0.11520858898058439	-0.11002725640393915	0.04348055366053037	-0.0757964688342946	-0.010248604494418185	-0.08924936841763996	0.10504122565754047	-0.060201586050094597	0.02335781950001175	-0.16014503047157752	0.23181119577739004	-0.23602039185961843	-0.05513311376781019	-0.14772131389248092	0.009167138363521607	0.03725675744090107	0.11191474017833747	0.07979556155274414	-0.28683244836380206	-0.12215601636145196	-0.07234413196932239	-0.07003470246338879	-0.08559076180616275	-0.13370303548938867	0.026788368786249572	0.005872787254970666	0.13487174323929849	0.13787488070315876	0.11464457675074244	0.07598351447594576
cooking_activity	0.07206338881987513	0.0055943059058047966	0.022882782165509905	0.03159037152498875	0.017419931053548783	0.051632074212365014	0.05320176151978166	0.045090873316346064	-0.00961617493179701	0.0	0.0	-0.020760898986495326	-0.004482457490675866	0.0	-0.003164556962025317	-0.017164823489623903	-0.004482457490675873	0.0	-0.005498601700095483	0.06049538597935539	-0.004482457490675859	-0.012537144075009618	-0.018520567457850332	0.0	0.05824151551281749	-0.03131694628463354	-0.007813612857773499	-0.017164823489623917	-0.04449580500924743	1.0	-0.021376990774860945	-0.0164601973276086	-0.003164556962025328	0.0	-0.0031645569620253294	-0.009616174931797021	-0.008453267880067712	-0.01646019732760857	-0.004482457490675864	-0.013802479700199976	0.0	-0.016814990960619003	-0.0031645569620253246	-0.022881171884448232	0.04331825207007975	-0.007813612857773485	-0.017164823489623837	-0.012537144075009617	-0.013802479700200045	0.06157867664889382	-0.03199271320470646	0.047001299262077634	-0.0166947409261373	-0.058385713797252374	-0.019066409025555422	-0.016888999764060345	0.0019502843588592735	-0.030965474801323844	-0.007532545963532705	-0.00410790756747265	0.017584014712289875	0.01610293444386869	0.018825119363574935	-0.00856380595146833	0.07838557891945455	0.03536961305825942	0.04588861477148363	-0.024198985814869067	0.07390475606899354	0.04787487734524572	0.07354929694011475	-0.049097190796247615	-0.03755804571147013	-0.01944423958698047	-0.019359287663795566	-0.02102375578113202	0.03577427524117402
