index	mood	social	alone	morale	stress	fatigue	compulsions	leisure_activity	trying_to_leave_apt_activity	feedly_activity	schoolworrk_activity	with_parents_activity	working_activity	eating_activity	just_woke_up_activity	workshop_activity	studying_activity	with_friends_activity	tv_activity	school_work_activity	errands_activity	resting_activity	washing_up_activity	ash_stuff_activity	commuting_activity	getting_ready_activity	chatting_activity	with_k_activity	working_out_activity	reading_activity	shopping_activity	work_activity	in_class_activity	schoolwork_activity	therapy_activity	cooking_activity	with_kevin_activity	email_activity	parents_home_location	la_location	home_location	vacation_location	therapy_location	mountain_view_location	cafe_location	library_location	airport_location	school_location	kevin_home_location	Sadness_score	Analytical_score	Joy_score	Fear_score	Tentative_score	Anger_score	Confident_score	blinks	max_attention	max_engagement	max_valence	min_attention	min_engagement	min_valence	productivity_score
mood	1.0	0.325198010120108	-0.2688902910157648	0.6748539652103301	-0.16249599755141927	-0.22599817416626009	-0.11916306960339677	-0.055974072475427156	0.0	-0.12487787010388915	-0.016495026998488965	0.01466755157968809	0.052723901624284246	-0.012814865291324671	0.0	0.05272390162428427	0.0024339823930866478	0.2699519426418117	-0.12634495810520946	0.0	-0.00438116830755579	0.09589890628761137	-0.07017375892577499	-0.13835084324146477	0.0	0.0371837049287971	-0.06508717558127597	0.35066131388079275	-0.01649502699848896	0.0	-0.016495026998488954	0.1054605315159987	0.005624018017945737	0.08691696625424782	0.14454116878336815	0.0	0.0	0.05976859378242644	-0.06636341261176003	0.0	-0.15789030854569672	0.02796829214099885	0.0	0.02796829214099885	0.0	-0.02338879846490797	0.0	0.16341383353590946	0.07404654387991261	0.07658543569042896	-0.13882961612717823	-0.03741607684303595	0.04584941116247716	-0.026334087324276716	-0.13093925516931834	0.01989729570531134	-0.16397019884117667	-0.03927688936147583	-0.008818737587921783	0.0035865869462593483	-0.006113769575361803	0.1255228849174876	-0.008375816135716292	0.13905194500962015
social	0.325198010120108	1.0	-0.42762688677552263	0.15335774792334858	0.039537489841967526	0.05621376425015765	-0.09104314363607904	-0.045293189639833434	0.0	-0.008981351620884759	0.006233312918401219	0.0618688224889747	-0.017676806425421326	0.006493506493506494	0.0	0.11489924176523869	-0.09768049410826145	0.26302903252160026	-0.23089577994115568	0.0	-0.13838069998670316	-0.03256016470275327	0.0436331904288085	-0.005015619764428926	0.0	0.006233312918401209	0.18800368483489513	-0.04220779220779221	0.006233312918401222	0.0	-0.06856644210241343	-0.009022636370380083	0.18557793128388034	-0.019078793567737916	0.11843294544962289	0.0	0.0	0.06479740947829983	0.19560917081273893	0.0	-0.3205123420075866	-0.15175993602861695	0.0	-0.15175993602861695	0.0	-0.04419201606355325	0.0	0.39143955642496236	-0.014687787877726248	0.11116292159158173	-0.05102570932606152	0.04543475733549419	-0.024214407429528566	0.11880115643364941	0.03633700229736499	-0.02808385520204869	-0.06086794669615628	-0.17025545191090388	0.17208787195771139	0.12634819398668473	-0.15279675668272596	-0.008531642844968079	-0.13117161466469754	-0.043204730780847286
alone	-0.2688902910157648	-0.42762688677552263	1.0	-0.14462168152979016	-0.31214023773612715	-0.24040950440934675	-0.015384615384615385	0.133630612380499	0.0	0.16694514082354503	0.05793233284286007	-0.12814465510343784	0.08214400968169075	-0.02896827297511599	0.0	-0.12814465510343792	0.1008712554448004	-0.22432695033178982	0.2575131013123024	0.0	0.2057773611073928	0.014794450798570726	0.05793233284286012	0.15351908833550543	0.0	0.05793233284286001	-0.006552389669095585	-0.3765875486765086	0.05793233284286007	0.0	0.05793233284286009	-0.24486030945355128	-0.3635978407946181	-0.24554330898603793	0.05793233284285985	0.0	0.0	0.06388835730686172	-0.2442631648415127	0.0	0.6765382711478252	0.22958296585068005	0.0	0.22958296585068005	0.0	-0.12814465510343812	0.0	-0.6040588131246789	-0.32106709378568554	0.021028580409127407	-0.019512611926424055	-0.02697044792715966	0.026688976122657502	0.0812529227111446	-0.026230941597346496	0.09002872766029665	0.2101809227957567	0.08621994450327854	-0.13877954248419275	-0.20283623305657522	0.28620410065928464	-0.1391782270794507	0.08331558299361161	-0.27159266447641645
morale	0.6748539652103301	0.15335774792334858	-0.14462168152979016	1.0	-0.19179148451707545	-0.4294830433051852	-0.0033018648751091885	-0.17307935766407723	0.0	-0.2336113996801985	-0.003481382176035105	0.09661156329968179	0.06276225645015811	-0.014506813992749149	0.0	0.06276225645015811	-0.006061751245756906	0.20862973325853196	-0.19233185758022733	0.0	0.05455576121181224	0.10478170010522694	-0.1944600615471035	0.03721707911474592	0.0	0.044263287666731925	-0.11765891430367705	0.1844437779078105	-0.0034813821760351048	0.0	-0.0034813821760351048	0.2192795270573712	-0.02681230430847293	0.1955002390270433	0.09200795750949894	0.0	0.0	-0.09418431047090538	-0.039618180993116536	0.0	-0.18029948618254488	0.14518262223382192	0.0	0.14518262223382192	0.0	-0.004936357248888845	0.0	0.1465500346124399	-0.005156366762312568	-0.02401821715774442	-0.11052940896573461	-0.042455795770547824	-0.08501025210929025	-0.08491652818157033	-0.1196538010193465	0.07653200502887447	-0.10258117124370215	0.009097019310031802	0.022307585790145013	-0.13054615554882876	0.05394152456799121	0.11603105531713315	-0.012664795386794684	0.2659988040411483
stress	-0.16249599755141927	0.039537489841967526	-0.31214023773612715	-0.19179148451707545	1.0	0.3225689536564006	0.0025427676827302235	-0.30057825630775825	0.0	-0.1320410499093246	-0.042457173560777835	-0.06020131254672227	-0.002980262997362523	0.09634135183011054	0.0	0.016093420185757424	-0.10515553316265222	-0.09425699245751641	-0.2551628185983239	0.0	-0.21006708596993864	0.050991894271448526	-0.0424571735607778	-0.11308761873174306	0.0	-0.042457173560777786	-0.009905289376738374	0.047294845443872476	-0.015553618037116647	0.0	-0.06936072908443898	0.4450401432571976	0.182766729774831	0.4555366912464025	0.06515704853386671	0.0	0.0	0.03780886671195869	-0.01928014237600006	0.0	-0.20240614526102366	-0.20742656698078837	0.0	-0.20742656698078837	0.0	0.1686828856507166	0.0	0.228408973473397	0.2500095038688766	0.03537611681862572	0.2581408602039048	0.06040261961480355	-0.0778254794540649	0.013499504964911894	0.007929919888359045	-0.12470480579043033	-0.13537135846852452	-0.09290339030049816	-0.12605059058090123	0.08239818845954452	-0.19619415672967871	0.0798922914649365	0.13205495352370264	0.3978107793927568
fatigue	-0.22599817416626009	0.05621376425015765	-0.24040950440934675	-0.4294830433051852	0.3225689536564006	1.0	-0.054362300150666565	-0.07066325738266642	0.0	0.01485961772476824	-0.09548840662545556	0.033738862315582485	-0.09311221270906166	-0.03287765553841448	0.0	0.09293603066041642	-0.097032144758908	-0.06430558163160262	-0.10042887248983554	0.0	-0.05744043351948753	-0.010492885219190702	0.14307729372701636	-0.19221124811218063	0.0	-0.03584698153733748	0.06997487606811621	-0.07947590748262393	-0.035846981537337556	0.0	-0.09548840662545559	0.066564149164258	0.22370489864811838	0.07228623296875995	-0.06566769408139665	0.0	0.0	0.013337709890855788	0.03974198758106221	0.0	0.017153648395383386	-0.34389212947728875	0.0	-0.34389212947728875	0.0	-0.050828521034180306	0.0	0.17563053197827364	0.041867812877575836	-0.06100868632020224	0.16202047157211574	0.014400989661295641	0.044926208690234976	-0.0017756887895477016	0.03593841117795545	0.044451151813893156	0.031534021988825704	0.07031622972493404	0.10138646529628954	0.13484972038924234	-0.04741994885922649	-0.07037355626654718	0.021724977973334704	0.03727947802503017
compulsions	-0.11916306960339677	-0.09104314363607904	-0.015384615384615385	-0.0033018648751091885	0.0025427676827302235	-0.054362300150666565	1.0	0.003940849158674268	0.0	0.04674463943059242	-0.05793233284286005	0.12814465510343806	0.12814465510343753	-0.048280454958526835	0.0	0.023000322710873433	0.07128235384765895	-0.1437993271357627	0.10872775388741655	0.0	-0.10894095588038444	-0.1008712554448004	-0.05793233284286003	0.12492848888840725	0.0	-0.057932332842860056	-0.06333976680125758	-0.0096560909917053	0.09037443923486169	0.0	-0.05793233284286004	0.008721052117523848	0.04537203825300363	-0.013847696930436802	0.09037443923486185	0.0	0.0	-0.13091876497307778	0.005593812935301817	0.0	-0.07843438269350711	0.09216834395465263	0.0	0.09216834395465263	0.0	0.023000322710873412	0.0	0.020314949789368063	0.006552389669095641	-0.015307192617659638	0.0776643519097852	0.015937513791164974	-0.07831996219100984	-0.06948137474781979	-0.029015465793314477	0.059791152942494034	-0.06930090189149675	-0.10108353661543444	0.07556985625912208	0.025381729660281026	-0.021009965196919222	0.006621650838798171	-0.09322098664085633	0.19790913466558024
leisure_activity	-0.055974072475427156	-0.045293189639833434	0.133630612380499	-0.17307935766407723	-0.30057825630775825	-0.07066325738266642	0.003940849158674268	1.0	0.0	0.08164010620375749	-0.049375622732468094	0.040170355611032806	-0.07001119120779967	-0.003372897100838657	0.0	0.04017035561103289	0.09442868952986745	-0.05826618529774276	0.471337895884927	0.0	-0.05496595360693776	0.09442868952986659	-0.049375622732468066	-0.07359814531091351	0.0	-0.04937562273246801	0.023650585599656115	-0.0033728971008386973	-0.04937562273246809	0.0	0.10603617340907076	-0.38969023327406177	-0.15696595592858636	-0.3790584316501606	-0.04937562273246791	0.0	0.0	-0.041340152342698534	0.09313747592442988	0.0	0.10177816271760015	-0.0013658330663817518	0.0	-0.0013658330663817518	0.0	-0.0700111912077997	0.0	-0.14988624013007845	-0.049589937547666385	0.03083888311517577	-0.21760712501083634	-0.0604037515917569	0.049374928572107284	-0.0014393536885601195	-0.030221910283870848	-0.05040215696238682	0.06410387102721529	-0.10574274773687173	-0.014128194954615364	-0.037278553251058645	-0.005373198902876421	0.06371194428913848	0.09022116185507839	-0.3923961340886019
trying_to_leave_apt_activity	0.0	0.0	0.0	0.0	0.0	0.0	0.0	0.0	0.0	0.0	0.0	0.0	0.0	0.0	0.0	0.0	0.0	0.0	0.0	0.0	0.0	0.0	0.0	0.0	0.0	0.0	0.0	0.0	0.0	0.0	0.0	0.0	0.0	0.0	0.0	0.0	0.0	0.0	0.0	0.0	0.0	0.0	0.0	0.0	0.0	0.0	0.0	0.0	0.0	0.0	0.0	0.0	0.0	0.0	0.0	0.0	0.0	0.0	0.0	0.0	0.0	0.0	0.0	0.0
feedly_activity	-0.12487787010388915	-0.008981351620884759	0.16694514082354503	-0.2336113996801985	-0.1320410499093246	0.01485961772476824	0.04674463943059242	0.08164010620375749	0.0	1.0	-0.015087573484912888	-0.02139312749202799	-0.02139312749202797	0.1257389226923867	0.0	-0.021393127492028003	0.3940552031195516	-0.03745029431365705	-0.06706527510148443	0.0	-6.972483479159397e-18	-0.0262703468746368	-0.015087573484912886	-0.06070089273459418	0.0	-0.015087573484912867	0.18486734511040595	-0.06286946134619324	-0.015087573484912888	0.0	-0.015087573484912886	-0.18781590833174228	-0.06070089273459426	-0.17812181099872787	-0.015087573484912844	0.0	0.0	-0.03409575258160503	-0.06070089273459414	0.0	0.14994296732636542	-0.06910187488659353	0.0	-0.06910187488659353	0.0	-0.021393127492028013	0.0	-0.10527437459868412	0.014220565008492895	-0.08963222540396233	-0.0021980592948311057	-0.12275274096698315	-0.04857577315964075	0.13979119056213068	0.03871262009603738	0.00865746797880603	0.14853198649817398	0.022998891511472948	0.11841130029928426	0.16419376587751588	0.01251438131390599	-0.02257654373522557	-0.07706686511970802	-0.18537305434601317
schoolworrk_activity	-0.016495026998488965	0.006233312918401219	0.05793233284286007	-0.003481382176035105	-0.042457173560777835	-0.09548840662545556	-0.05793233284286005	-0.049375622732468094	0.0	-0.015087573484912888	1.0	-0.007423718811485866	-0.007423718811485865	-0.02181659521440423	0.0	-0.0074237188114858665	-0.009116183145740319	-0.012995783552244984	-0.023272602126729446	0.0	-0.027348549437220992	-0.009116183145740323	-0.005235602094240842	-0.021064071133859056	0.0	-0.005235602094240838	-0.024673689249700707	-0.021816595214404256	-0.00523560209424085	0.0	-0.0052356020942408476	-0.0651747853275888	-0.021064071133859077	-0.061810795992308404	-0.005235602094240829	0.0	0.0	-0.011831709969762561	-0.021064071133859035	0.0	-0.0746550927567198	0.21833812048766835	0.0	0.21833812048766835	0.0	-0.007423718811485873	0.0	-0.036531701845225466	-0.024673689249700707	0.11056260634151037	-0.046031882952343506	0.04805679387136916	-0.016856482584048347	-0.08079612514072056	-0.020201439414140036	-0.024939779404938803	-0.013563870264863009	0.009227238560302673	-0.06645171322583966	-0.053288660446904064	0.06485423877684506	-0.007930577992366676	0.07311976905803798	-0.06025284968133417
with_parents_activity	0.01466755157968809	0.0618688224889747	-0.12814465510343784	0.09661156329968179	-0.06020131254672227	0.033738862315582485	0.12814465510343806	0.040170355611032806	0.0	-0.02139312749202799	-0.007423718811485866	1.0	-0.010526315789473713	-0.03093441124448733	0.0	-0.010526315789473713	-0.012926112238824757	-0.01842711517991878	-0.03299892755228155	0.0	-0.03877833671647414	-0.012926112238824778	-0.007423718811485862	-0.029867384554474984	0.0	-0.007423718811485856	0.13294517142285067	-0.030934411244487335	-0.007423718811485865	0.0	-0.007423718811485865	0.11390476814264817	-0.029867384554474803	0.12010391861657356	-0.007423718811485833	0.0	0.0	-0.016776539984043107	0.35243513774280344	0.0	-0.1058557175460149	-0.034001020045902275	0.0	-0.034001020045902275	0.0	-0.01052631578947372	0.0	-0.05179940670096275	-0.03498557142706632	0.04073289007084348	-0.06527000128167289	0.05780454647076554	-0.02390131728924445	0.07821543170360583	0.15574636657825175	-0.0353628687188455	-0.019232622538787023	0.013107381615691374	0.058428087595386834	0.06971801089514229	0.04441420265948483	-0.011244001234980774	-0.06295264692060888	-0.03676551614323477
working_activity	0.052723901624284246	-0.017676806425421326	0.08214400968169075	0.06276225645015811	-0.002980262997362523	-0.09311221270906166	0.12814465510343753	-0.07001119120779967	0.0	-0.02139312749202797	-0.007423718811485865	-0.010526315789473713	1.0	-0.030934411244487266	0.0	-0.010526315789473715	-0.012926112238824684	-0.0184271151799187	-0.032998927552281544	0.0	-0.038778336716474106	-0.012926112238824693	-0.0074237188114858535	-0.02986738455447495	0.0	-0.0074237188114858466	-0.034985571427066015	-0.030934411244487297	0.7052532870911551	0.0	-0.007423718811485861	0.11390476814264777	-0.02986738455447498	-0.08764340007155366	-0.0074237188114858335	0.0	0.0	-0.01677653998404305	-0.029867384554474918	0.0	-0.10585571754601478	0.3095882351547945	0.0	0.3095882351547945	0.0	-0.010526315789473726	0.0	-0.051799406700962565	-0.034985571427066015	-0.07221655437851025	0.06966469085877479	0.060011086059594904	-0.023901317289244495	-0.03805803307097346	-0.02864423290738801	-0.03536286871884554	-0.028700990557882222	0.013239294987957182	0.05812537632805002	-0.07499180993087458	-0.14150420138887024	-0.011262887021610607	-0.042159546444532285	-0.012709388071567856
eating_activity	-0.012814865291324671	0.006493506493506494	-0.02896827297511599	-0.014506813992749149	0.09634135183011054	-0.03287765553841448	-0.048280454958526835	-0.003372897100838657	0.0	0.1257389226923867	-0.02181659521440423	-0.03093441124448733	-0.030934411244487266	1.0	0.0	-0.030934411244487342	0.11396057645963813	-0.054153036107388364	0.09697622757528529	0.0	-5.871395593415395e-17	-0.037986858819879184	-0.021816595214404228	-0.0175546691755021	0.0	-0.021816595214404218	0.08225161211526665	0.04545454545454525	-0.021816595214404235	0.0	-0.02181659521440423	0.06947430005192627	-0.017554669175502073	0.08585457105482112	-0.021816595214404204	0.0	0.0	0.06902332748775396	0.05266400752650615	0.0	-0.08484150229612596	-0.03681305378911991	0.0	-0.03681305378911991	0.0	0.15467205622243713	0.0	-0.011709730320404883	0.143940321201716	0.1007793811258595	-0.013213562492755513	-0.019185924928333174	0.01150868518502497	-0.003636683280738644	0.059219387783125264	-0.1039233047546902	0.014782215626209315	0.0326375249052473	-0.04357892953709234	0.05589707815489325	-0.08649646386188156	-0.033955863821115956	-0.06638016199860634	-0.011899307818851693
just_woke_up_activity	0.0	0.0	0.0	0.0	0.0	0.0	0.0	0.0	0.0	0.0	0.0	0.0	0.0	0.0	0.0	0.0	0.0	0.0	0.0	0.0	0.0	0.0	0.0	0.0	0.0	0.0	0.0	0.0	0.0	0.0	0.0	0.0	0.0	0.0	0.0	0.0	0.0	0.0	0.0	0.0	0.0	0.0	0.0	0.0	0.0	0.0	0.0	0.0	0.0	0.0	0.0	0.0	0.0	0.0	0.0	0.0	0.0	0.0	0.0	0.0	0.0	0.0	0.0	0.0
workshop_activity	0.05272390162428427	0.11489924176523869	-0.12814465510343792	0.06276225645015811	0.016093420185757424	0.09293603066041642	0.023000322710873433	0.04017035561103289	0.0	-0.021393127492028003	-0.0074237188114858665	-0.010526315789473713	-0.010526315789473715	-0.030934411244487342	0.0	1.0	-0.01292611223882474	-0.018427115179918775	-0.03299892755228156	0.0	-0.03877833671647409	-0.012926112238824797	-0.007423718811485865	-0.029867384554475004	0.0	-0.007423718811485858	-0.03498557142706596	-0.030934411244487345	-0.0074237188114858665	0.0	-0.0074237188114858665	0.11390476814264817	-0.02986738455447483	-0.08764340007155383	-0.007423718811485799	0.0	0.0	-0.016776539984043104	-0.02986738455447484	0.0	-0.10585571754601487	-0.03400102004590231	0.0	-0.03400102004590231	0.0	-0.010526315789473672	0.0	0.2032130570576236	-0.03498557142706638	-0.07221655437851013	-0.06527000128167303	0.07114994527006406	-0.023901317289244443	-0.000995672061659866	-0.028644232907388094	-0.035362868718845496	0.01390666552804604	0.007677602679831103	-0.03066241478844337	-0.0755596059207257	-0.036596516004080294	-0.011251909223919122	0.034234631222906535	0.046369329197838524
studying_activity	0.0024339823930866478	-0.09768049410826145	0.1008712554448004	-0.006061751245756906	-0.10515553316265222	-0.097032144758908	0.07128235384765895	0.09442868952986745	0.0	0.3940552031195516	-0.009116183145740319	-0.012926112238824757	-0.012926112238824684	0.11396057645963813	0.0	-0.01292611223882474	1.0	-0.02262814111007102	-0.04052204492365539	0.0	-0.047619047619047616	-0.015873015873015872	-0.009116183145740338	-0.036676570677971795	0.0	-0.009116183145740345	-0.042961605185538855	-0.03798685881987941	-0.009116183145740319	0.0	-0.009116183145740326	-0.11348174839034594	-0.036676570677971795	-0.10762440050012628	-0.009116183145740312	0.0	0.0	-0.02060126668722266	-0.036676570677971795	0.0	0.1221106666553537	-0.041752595128046764	0.0	-0.041752595128046764	0.0	-0.012926112238824722	0.0	-0.0636086697675111	-0.042961605185538904	0.003381148484180105	-0.08015029942753724	-0.060967493263781196	-0.029350355443970858	0.03548220028539225	-0.03517456410781374	-0.043424918963928895	0.13916033111490414	0.0162586551697507	0.07179878865181115	0.07858422377294257	0.06727264424432136	-0.013821612218489418	-0.05364147617574718	-0.012468050694538668
with_friends_activity	0.2699519426418117	0.26302903252160026	-0.22432695033178982	0.20862973325853196	-0.09425699245751641	-0.06430558163160262	-0.1437993271357627	-0.05826618529774276	0.0	-0.03745029431365705	-0.012995783552244984	-0.01842711517991878	-0.0184271151799187	-0.054153036107388364	0.0	-0.018427115179918775	-0.02262814111007102	1.0	-0.05776712868787001	0.0	-0.06788442333021306	-0.02262814111007102	-0.012995783552245007	-0.05228512485428225	0.0	-0.012995783552245021	-0.06124489966057248	-0.0541530361073883	-0.012995783552244984	0.0	-0.012995783552244991	0.07900712986419724	-0.05228512485428225	0.08902521110464476	-0.012995783552244986	0.0	0.0	-0.02936860728761478	-0.05228512485428225	0.0	-0.18530847246896867	-0.05952136769895376	0.0	-0.05952136769895376	0.0	-0.018427115179918796	0.0	0.3557398888040985	-0.06124489966057258	0.12103261006041831	0.015152826756557677	0.07312048112841014	-0.04184107103086549	0.048229502297646665	-0.05014390500736154	0.04243802640992764	-0.07510590948250202	0.02185799326339577	0.07317796573396802	0.019232435130191648	-0.02582194877290886	-0.0192222968784631	-0.0049052004510278	-0.005974072341248595
tv_activity	-0.12634495810520946	-0.23089577994115568	0.2575131013123024	-0.19233185758022733	-0.2551628185983239	-0.10042887248983554	0.10872775388741655	0.471337895884927	0.0	-0.06706527510148443	-0.023272602126729446	-0.03299892755228155	-0.032998927552281544	0.09697622757528529	0.0	-0.03299892755228156	-0.04052204492365539	-0.05776712868787001	1.0	0.0	-0.06753674153942565	-0.04052204492365539	-0.02327260212672942	0.03953317654791331	0.0	-0.023272602126729398	-0.10967620200520775	-0.09697622757528526	-0.023272602126729446	0.0	-0.023272602126729443	-0.2537737250563436	-0.09363120761347889	-0.23857164776691112	-0.02327260212672936	0.0	0.0	-0.052592743613582224	-0.09363120761347889	0.0	0.20447131584993636	0.07292981781789613	0.0	0.07292981781789613	0.0	-0.032998927552281565	0.0	-0.16238586255274187	-0.10967620200520786	0.006476719278767304	-0.14807583972624494	-0.019615542189648068	-0.009665578692924861	-0.1557042281543052	-0.023089444166977613	0.07291480672430363	-0.05534525067770144	0.034541319609637675	0.0616929680572872	0.019082046565977482	0.07091097205791204	-0.03557371105232514	-0.03719055536711369	-0.20961099290026192
school_work_activity	0.0	0.0	0.0	0.0	0.0	0.0	0.0	0.0	0.0	0.0	0.0	0.0	0.0	0.0	0.0	0.0	0.0	0.0	0.0	0.0	0.0	0.0	0.0	0.0	0.0	0.0	0.0	0.0	0.0	0.0	0.0	0.0	0.0	0.0	0.0	0.0	0.0	0.0	0.0	0.0	0.0	0.0	0.0	0.0	0.0	0.0	0.0	0.0	0.0	0.0	0.0	0.0	0.0	0.0	0.0	0.0	0.0	0.0	0.0	0.0	0.0	0.0	0.0	0.0
errands_activity	-0.00438116830755579	-0.13838069998670316	0.2057773611073928	0.05455576121181224	-0.21006708596993864	-0.05744043351948753	-0.10894095588038444	-0.05496595360693776	0.0	-6.972483479159397e-18	-0.027348549437220992	-0.03877833671647414	-0.038778336716474106	-5.871395593415395e-17	0.0	-0.03877833671647409	-0.047619047619047616	-0.06788442333021306	-0.06753674153942565	0.0	1.0	0.20634920634920634	-0.027348549437221002	-0.11002971203391539	0.0	-0.027348549437220974	0.07733088933397002	-1.1861405239223018e-17	-0.027348549437220992	0.0	-0.027348549437221006	-0.24543726977447033	-0.11002971203391539	-0.2272070677224888	-0.027348549437220857	0.0	0.0	-0.06180380006166803	0.007335314135594359	0.0	0.20876984944302407	-0.07251766522239715	0.0	-0.07251766522239715	0.0	-0.03877833671647404	0.0	-0.1908260093025333	-0.02577696311132339	0.001643604250394418	-0.0790579386751478	0.05034826933896941	-0.022855181258242617	0.09434908160200427	0.023465655130596962	0.0451079556478999	0.09337912557840826	0.04455630572413681	-0.009223072205132679	0.004442137392890067	-0.06598058822915617	-0.04246025170674338	-0.06095369205477252	-0.24869311556341234
resting_activity	0.09589890628761137	-0.03256016470275327	0.014794450798570726	0.10478170010522694	0.050991894271448526	-0.010492885219190702	-0.1008712554448004	0.09442868952986659	0.0	-0.0262703468746368	-0.009116183145740323	-0.012926112238824778	-0.012926112238824693	-0.037986858819879184	0.0	-0.012926112238824797	-0.015873015873015872	-0.02262814111007102	-0.04052204492365539	0.0	0.20634920634920634	1.0	-0.009116183145740342	-0.036676570677971795	0.0	-0.009116183145740343	-0.04296160518553898	0.11396057645963888	-0.009116183145740324	0.0	-0.00911618314574033	0.055421318981331374	-0.036676570677971795	0.06244872621612266	-0.009116183145740371	0.0	0.0	-0.02060126668722268	-0.036676570677971795	0.0	0.03807751970973395	-0.04175259512804678	0.0	-0.04175259512804678	0.0	-0.012926112238824854	0.0	-0.0636086697675111	0.09451553140818493	0.09245058804346924	-0.08015029942753714	-0.07463700760552129	0.14450533808581606	0.026883194849112318	-0.035174564107813576	-0.04342491896392879	-0.05462254946285619	0.016117025623469495	-0.061072458407827795	0.012875200433224904	-0.07709991489120288	0.5056898144207594	0.14459830929948955	-0.035030515785588356
washing_up_activity	-0.07017375892577499	0.0436331904288085	0.05793233284286012	-0.1944600615471035	-0.0424571735607778	0.14307729372701636	-0.05793233284286003	-0.049375622732468066	0.0	-0.015087573484912886	-0.005235602094240842	-0.007423718811485862	-0.0074237188114858535	-0.021816595214404228	0.0	-0.007423718811485865	-0.009116183145740338	-0.012995783552245007	-0.02327260212672942	0.0	-0.027348549437221002	-0.009116183145740342	1.0	-0.02106407113385902	0.0	-0.005235602094240836	-0.024673689249700672	-0.021816595214404256	-0.005235602094240842	0.0	-0.005235602094240842	-0.06517478532758865	-0.021064071133859014	-0.06181079599230833	-0.005235602094240828	0.0	0.0	-0.011831709969762549	-0.021064071133858973	0.0	0.07013054168055496	-0.023979331151824854	0.0	-0.023979331151824854	0.0	-0.007423718811485871	0.0	-0.036531701845225376	-0.02467368924970068	0.09647978264810735	-0.046031882952343534	0.04367601677366766	0.28776173689351886	0.05793179617146711	0.2325044826515864	-0.024939779404938765	-0.03359666327142994	0.009103881637078912	0.04131932867002404	0.11634207583677825	0.04756256158494129	-0.0075572822642398065	0.011098588270438433	0.0156056178480062
ash_stuff_activity	-0.13835084324146477	-0.005015619764428926	0.15351908833550543	0.03721707911474592	-0.11308761873174306	-0.19221124811218063	0.12492848888840725	-0.07359814531091351	0.0	-0.06070089273459418	-0.021064071133859056	-0.029867384554474984	-0.02986738455447495	-0.0175546691755021	0.0	-0.029867384554475004	-0.036676570677971795	-0.05228512485428225	0.03953317654791331	0.0	-0.11002971203391539	-0.036676570677971795	-0.02106407113385902	1.0	0.0	-0.021064071133859	-0.09926811398867212	-0.017554669175502052	-0.021064071133859052	0.0	-0.021064071133859035	-0.22318649871083912	-0.0847457627118644	-0.20938201366156256	-0.02106407113385898	0.0	0.0	-0.04760178026370924	-0.0847457627118644	0.0	0.20448423039378402	-0.0314811677696167	0.0	-0.0314811677696167	0.0	-0.029867384554474935	0.0	-0.146975715964973	-0.035736521035921835	0.047762973215702505	-0.05737054954773767	0.021848679381111884	-0.06781763430945657	0.012266567426584751	-0.08127519035372582	-0.05233170666910732	-0.029496148201557923	0.02246666033155083	0.015594456150067408	-0.019045158366244614	0.1435807432144719	0.0366311195785268	-0.05416692817309857	0.07624542250472445
commuting_activity	0.0	0.0	0.0	0.0	0.0	0.0	0.0	0.0	0.0	0.0	0.0	0.0	0.0	0.0	0.0	0.0	0.0	0.0	0.0	0.0	0.0	0.0	0.0	0.0	0.0	0.0	0.0	0.0	0.0	0.0	0.0	0.0	0.0	0.0	0.0	0.0	0.0	0.0	0.0	0.0	0.0	0.0	0.0	0.0	0.0	0.0	0.0	0.0	0.0	0.0	0.0	0.0	0.0	0.0	0.0	0.0	0.0	0.0	0.0	0.0	0.0	0.0	0.0	0.0
getting_ready_activity	0.0371837049287971	0.006233312918401209	0.05793233284286001	0.044263287666731925	-0.042457173560777786	-0.03584698153733748	-0.057932332842860056	-0.04937562273246801	0.0	-0.015087573484912867	-0.005235602094240838	-0.007423718811485856	-0.0074237188114858466	-0.021816595214404218	0.0	-0.007423718811485858	-0.009116183145740345	-0.012995783552245021	-0.023272602126729398	0.0	-0.027348549437220974	-0.009116183145740343	-0.005235602094240836	-0.021064071133859	0.0	1.0	-0.024673689249700627	-0.021816595214404235	-0.005235602094240838	0.0	-0.005235602094240837	-0.06517478532758851	-0.021064071133858955	-0.06181079599230829	-0.005235602094240822	0.0	0.0	-0.011831709969762577	-0.021064071133858914	0.0	0.0701305416805548	-0.02397933115182478	0.0	-0.02397933115182478	0.0	-0.007423718811485864	0.0	-0.03653170184522543	-0.02467368924970077	-0.05093096235784135	-0.046031882952343554	0.050348221361024126	-0.01685648258404828	0.02617782617708546	-0.020201439414140022	-0.024939779404938727	0.006468922741703898	0.009163263981377883	0.04143706704487149	-0.0455877118225838	0.05566960559759249	-0.009166465958518276	-0.12035591919706087	-0.0651666407938134
chatting_activity	-0.06508717558127597	0.18800368483489513	-0.006552389669095585	-0.11765891430367705	-0.009905289376738374	0.06997487606811621	-0.06333976680125758	0.023650585599656115	0.0	0.18486734511040595	-0.024673689249700707	0.13294517142285067	-0.034985571427066015	0.08225161211526665	0.0	-0.03498557142706596	-0.042961605185538855	-0.06124489966057248	-0.10967620200520775	0.0	0.07733088933397002	-0.04296160518553898	-0.024673689249700672	-0.09926811398867212	0.0	-0.024673689249700627	1.0	-0.10281451514408296	-0.024673689249700703	0.0	-0.024673689249700693	-0.17000260210055929	-0.0992681139886727	-0.1531991566867017	-0.02467368924970056	0.0	0.0	0.2654128381032497	0.3454530366805771	0.0	-0.04477774800304849	-0.11300678596385683	0.0	-0.11300678596385683	0.0	-0.03498557142706595	0.0	-0.08740533581316476	-0.004651162790697819	-0.02377698000795651	0.027543957097615337	0.0175102439775711	0.16368735770656742	0.08572725766754771	0.16981350201473305	-0.019192873763891755	0.1563633091355675	0.03785648743732313	0.1362772575442124	0.07346536831373654	-0.19569777682605913	-0.03849602839978377	-0.12777172661724603	-0.22524403579021826
with_k_activity	0.35066131388079275	-0.04220779220779221	-0.3765875486765086	0.1844437779078105	0.047294845443872476	-0.07947590748262393	-0.0096560909917053	-0.0033728971008386973	0.0	-0.06286946134619324	-0.021816595214404256	-0.030934411244487335	-0.030934411244487297	0.04545454545454525	0.0	-0.030934411244487345	-0.03798685881987941	-0.0541530361073883	-0.09697622757528526	0.0	-1.1861405239223018e-17	0.11396057645963888	-0.021816595214404256	-0.017554669175502052	0.0	-0.021816595214404235	-0.10281451514408296	1.0	-0.02181659521440426	0.0	-0.02181659521440426	0.06947430005192651	-0.0877733458775099	0.08585457105482126	-0.021816595214404204	0.0	0.0	-0.049302376776967353	-0.08777334587751016	0.0	-0.08484150229612566	-0.03681305378911984	0.0	-0.03681305378911984	0.0	-0.030934411244487377	0.0	-0.15222649416526163	0.4523838666339649	0.03308214054966276	-0.15927726858902733	-0.012831155325451746	0.12053881886517465	-0.049111258498929417	-0.08417878565130163	-0.06531969308130658	-0.09130192004423393	0.025166888921413992	0.0024357579124955476	0.23030805217048816	-0.1730574229704314	0.2667636289495679	0.03763942702823364	0.19492412822482189
working_out_activity	-0.01649502699848896	0.006233312918401222	0.05793233284286007	-0.0034813821760351048	-0.015553618037116647	-0.035846981537337556	0.09037443923486169	-0.04937562273246809	0.0	-0.015087573484912888	-0.00523560209424085	-0.007423718811485865	0.7052532870911551	-0.021816595214404235	0.0	-0.0074237188114858665	-0.009116183145740319	-0.012995783552244984	-0.023272602126729446	0.0	-0.027348549437220992	-0.009116183145740324	-0.005235602094240842	-0.021064071133859052	0.0	-0.005235602094240838	-0.024673689249700703	-0.02181659521440426	1.0	0.0	-0.0052356020942408476	0.08033171214795824	-0.021064071133859073	-0.0618107959923084	-0.005235602094240829	0.0	0.0	-0.011831709969762558	-0.02106407113385903	0.0	-0.0746550927567198	0.21833812048766835	0.0	0.21833812048766835	0.0	-0.007423718811485873	0.0	-0.03653170184522545	-0.024673689249700703	-0.0509309623578415	-0.046031882952343506	0.037511672186133174	-0.01685648258404834	0.027115019293664704	-0.020201439414140033	-0.024939779404938803	-0.033596663271429926	0.00933412678004084	0.04127794049269281	-0.05328866044690406	-0.10015971776992065	-0.007943635154122736	-0.051682768824083174	0.03401052775451156
reading_activity	0.0	0.0	0.0	0.0	0.0	0.0	0.0	0.0	0.0	0.0	0.0	0.0	0.0	0.0	0.0	0.0	0.0	0.0	0.0	0.0	0.0	0.0	0.0	0.0	0.0	0.0	0.0	0.0	0.0	0.0	0.0	0.0	0.0	0.0	0.0	0.0	0.0	0.0	0.0	0.0	0.0	0.0	0.0	0.0	0.0	0.0	0.0	0.0	0.0	0.0	0.0	0.0	0.0	0.0	0.0	0.0	0.0	0.0	0.0	0.0	0.0	0.0	0.0	0.0
shopping_activity	-0.016495026998488954	-0.06856644210241343	0.05793233284286009	-0.0034813821760351048	-0.06936072908443898	-0.09548840662545559	-0.05793233284286004	0.10603617340907076	0.0	-0.015087573484912886	-0.0052356020942408476	-0.007423718811485865	-0.007423718811485861	-0.02181659521440423	0.0	-0.0074237188114858665	-0.009116183145740326	-0.012995783552244991	-0.023272602126729443	0.0	-0.027348549437221006	-0.00911618314574033	-0.005235602094240842	-0.021064071133859035	0.0	-0.005235602094240837	-0.024673689249700693	-0.02181659521440426	-0.0052356020942408476	0.0	1.0	-0.06517478532758877	-0.021064071133859056	-0.06181079599230837	-0.005235602094240829	0.0	0.0	-0.011831709969762553	-0.021064071133859014	0.0	-0.07465509275671979	0.21833812048766832	0.0	0.21833812048766832	0.0	-0.007423718811485873	0.0	-0.03653170184522543	-0.02467368924970069	-0.05093096235784148	-0.046031882952343506	-0.09768812259473307	-0.016856482584048333	0.0914976728579019	-0.02020143941414003	-0.024939779404938793	-0.033596663271429926	0.008168332596763197	-0.19275815732073112	-0.053288660446904036	0.0735506468721449	-0.007932758896119834	0.10169598253590433	-0.048942407416514906
work_activity	0.1054605315159987	-0.009022636370380083	-0.24486030945355128	0.2192795270573712	0.4450401432571976	0.066564149164258	0.008721052117523848	-0.38969023327406177	0.0	-0.18781590833174228	-0.0651747853275888	0.11390476814264817	0.11390476814264777	0.06947430005192627	0.0	0.11390476814264817	-0.11348174839034594	0.07900712986419724	-0.2537737250563436	0.0	-0.24543726977447033	0.055421318981331374	-0.06517478532758865	-0.22318649871083912	0.0	-0.06517478532758851	-0.17000260210055929	0.06947430005192651	0.08033171214795824	0.0	-0.06517478532758877	1.0	-0.10610505676416926	0.9483851106164463	-0.06517478532758829	0.0	0.0	-0.015756141340390224	-0.06707790944861267	0.0	-0.27965197806778763	0.08732244480010798	0.0	0.08732244480010798	0.0	0.11390476814264824	0.0	0.19605960159147454	0.17285978869048396	0.0167596098349251	0.2056192991292117	-0.06657318735238726	-0.06931777897176883	-0.0790412397036837	-0.04738203942776352	0.011239423170341264	-0.08282324582088148	0.04845056694818305	-0.004558092881221885	-0.09085383562945312	-0.09303171840744509	0.08558523949687998	0.08821323835214208	0.5580871062097323
in_class_activity	0.005624018017945737	0.18557793128388034	-0.3635978407946181	-0.02681230430847293	0.182766729774831	0.22370489864811838	0.04537203825300363	-0.15696595592858636	0.0	-0.06070089273459426	-0.021064071133859077	-0.029867384554474803	-0.02986738455447498	-0.017554669175502073	0.0	-0.02986738455447483	-0.036676570677971795	-0.05228512485428225	-0.09363120761347889	0.0	-0.11002971203391539	-0.036676570677971795	-0.021064071133859014	-0.0847457627118644	0.0	-0.021064071133858955	-0.0992681139886727	-0.0877733458775099	-0.021064071133859073	0.0	-0.021064071133859056	-0.10610505676416926	1.0	-0.0914895015705948	-0.021064071133858886	0.0	0.0	-0.047601780263709446	-0.0847457627118644	0.0	-0.30035517520748695	-0.09647454639076072	0.0	-0.09647454639076072	0.0	-0.02986738455447484	0.0	0.576597039554894	-0.09926811398867182	-0.07962361967672969	-0.010208118755808744	0.11154931818645689	-0.06781763430945643	-0.09237906839309842	-0.08127519035372616	0.014641238392999401	-0.0975555717558168	-0.003603375090834519	0.0951267145696207	0.2453776343252952	-0.12207754215219324	-0.032564618325380844	-0.07535858161404586	0.13789303773390882
schoolwork_activity	0.08691696625424782	-0.019078793567737916	-0.24554330898603793	0.1955002390270433	0.4555366912464025	0.07228623296875995	-0.013847696930436802	-0.3790584316501606	0.0	-0.17812181099872787	-0.061810795992308404	0.12010391861657356	-0.08764340007155366	0.08585457105482112	0.0	-0.08764340007155383	-0.10762440050012628	0.08902521110464476	-0.23857164776691112	0.0	-0.2272070677224888	0.06244872621612266	-0.06181079599230833	-0.20938201366156256	0.0	-0.06181079599230829	-0.1531991566867017	0.08585457105482126	-0.0618107959923084	0.0	-0.06181079599230837	0.9483851106164463	-0.0914895015705948	1.0	-0.061810795992308244	0.0	0.0	-0.0072428499907347945	-0.05219199754027219	0.0	-0.24828653090964814	0.03476625836511261	0.0	0.03476625836511261	0.0	0.12010391861657342	0.0	0.17161421572088859	0.19203837950868216	0.053992001421612756	0.2128494424418962	-0.07976070312769061	-0.057513692792832326	-0.059783854147924934	-0.032988335153417696	0.029492319883768745	-0.14358760636408294	0.043123292133002325	-0.015473025243007522	-0.05276546615175993	-0.06354042276144649	0.09196489667939006	0.09372735819533273	0.5495422313842259
therapy_activity	0.14454116878336815	0.11843294544962289	0.05793233284285985	0.09200795750949894	0.06515704853386671	-0.06566769408139665	0.09037443923486185	-0.04937562273246791	0.0	-0.015087573484912844	-0.005235602094240829	-0.007423718811485833	-0.0074237188114858335	-0.021816595214404204	0.0	-0.007423718811485799	-0.009116183145740312	-0.012995783552244986	-0.02327260212672936	0.0	-0.027348549437220857	-0.009116183145740371	-0.005235602094240828	-0.02106407113385898	0.0	-0.005235602094240822	-0.02467368924970056	-0.021816595214404204	-0.005235602094240829	0.0	-0.005235602094240829	-0.06517478532758829	-0.021064071133858886	-0.061810795992308244	1.0	0.0	0.0	-0.011831709969762544	-0.0210640711338589	0.0	0.07013054168055448	-0.023979331151824785	0.0	-0.023979331151824785	0.0	-0.007423718811485787	0.0	-0.03653170184522552	-0.02467368924970086	0.09682646122385843	0.08618432983311528	0.060470772512057014	-0.016856482584048222	0.07389531892386679	-0.02020143941414001	-0.024939779404938658	-0.03359666327142992	0.009257800673501852	0.04143004483836647	0.12884667316977003	0.0701381012443819	-0.007931534492822209	0.028977911259107408	-0.02542017658813755
cooking_activity	0.0	0.0	0.0	0.0	0.0	0.0	0.0	0.0	0.0	0.0	0.0	0.0	0.0	0.0	0.0	0.0	0.0	0.0	0.0	0.0	0.0	0.0	0.0	0.0	0.0	0.0	0.0	0.0	0.0	0.0	0.0	0.0	0.0	0.0	0.0	0.0	0.0	0.0	0.0	0.0	0.0	0.0	0.0	0.0	0.0	0.0	0.0	0.0	0.0	0.0	0.0	0.0	0.0	0.0	0.0	0.0	0.0	0.0	0.0	0.0	0.0	0.0	0.0	0.0
with_kevin_activity	0.0	0.0	0.0	0.0	0.0	0.0	0.0	0.0	0.0	0.0	0.0	0.0	0.0	0.0	0.0	0.0	0.0	0.0	0.0	0.0	0.0	0.0	0.0	0.0	0.0	0.0	0.0	0.0	0.0	0.0	0.0	0.0	0.0	0.0	0.0	0.0	0.0	0.0	0.0	0.0	0.0	0.0	0.0	0.0	0.0	0.0	0.0	0.0	0.0	0.0	0.0	0.0	0.0	0.0	0.0	0.0	0.0	0.0	0.0	0.0	0.0	0.0	0.0	0.0
email_activity	0.05976859378242644	0.06479740947829983	0.06388835730686172	-0.09418431047090538	0.03780886671195869	0.013337709890855788	-0.13091876497307778	-0.041340152342698534	0.0	-0.03409575258160503	-0.011831709969762561	-0.016776539984043107	-0.01677653998404305	0.06902332748775396	0.0	-0.016776539984043104	-0.02060126668722266	-0.02936860728761478	-0.052592743613582224	0.0	-0.06180380006166803	-0.02060126668722268	-0.011831709969762549	-0.04760178026370924	0.0	-0.011831709969762577	0.2654128381032497	-0.049302376776967353	-0.011831709969762558	0.0	-0.011831709969762553	-0.015756141340390224	-0.047601780263709446	-0.0072428499907347945	-0.011831709969762544	0.0	0.0	1.0	-0.047601780263709335	0.0	0.02760705890268173	-0.05418984986834132	0.0	-0.05418984986834132	0.0	-0.016776539984043097	0.0	-0.08255640767849834	0.15835555886832603	0.027407742518259327	-0.10402545469474998	0.11951668125207308	0.2477564184726389	0.07953205665075799	0.07740301924849376	0.031227689907861237	0.011600755141594874	0.019235590757969618	0.029452533953100622	0.03496866696877567	0.008543055084006625	-0.01838748374389957	-0.0006950201419868688	-0.13625478991250056
parents_home_location	-0.06636341261176003	0.19560917081273893	-0.2442631648415127	-0.039618180993116536	-0.01928014237600006	0.03974198758106221	0.005593812935301817	0.09313747592442988	0.0	-0.06070089273459414	-0.021064071133859035	0.35243513774280344	-0.029867384554474918	0.05266400752650615	0.0	-0.02986738455447484	-0.036676570677971795	-0.05228512485428225	-0.09363120761347889	0.0	0.007335314135594359	-0.036676570677971795	-0.021064071133858973	-0.0847457627118644	0.0	-0.021064071133858914	0.3454530366805771	-0.08777334587751016	-0.02106407113385903	0.0	-0.021064071133859014	-0.06707790944861267	-0.0847457627118644	-0.05219199754027219	-0.0210640711338589	0.0	0.0	-0.047601780263709335	1.0	0.0	-0.30035517520748695	-0.09647454639076065	0.0	-0.09647454639076065	0.0	-0.029867384554474824	0.0	-0.146975715964973	-0.09926811398867201	0.04704857151259081	-0.0971116546382202	0.06579442252413646	0.0262716703565965	0.04942767884472572	0.14494725251428459	-0.05154633809532466	-0.049197560283053915	0.035849657372068494	0.12492831597468403	0.06571816529002196	0.005687414705627624	-0.032236121004866454	-0.06344635286090125	-0.1973514510038757
