	mood	social	alone	morale	stress	fatigue	compulsions	ash_stuff_activity	getting_ready_activity	errands_activity	leisure_activity	studying_activity	chatting_activity	workshop_activity	in_class_activity	tv_activity	meditation_activity	with_k_activity	eating_activity	working_out_activity	reading_activity	cooking_activity	feedly_activity	with_friends_activity	therapy_activity	commuting_activity	school_work_activity	with_parents_activity	trying_to_leave_apt_activity	working_activity	schoolwork_activity	shopping_activity	work_activity	email_activity	washing_up_activity	resting_activity	just_woke_up_activity	errandss_activity	mountain_view_location	parents_home_location	vacation_location	la_location	school_location	therapy_location	airport_location	home_location	cafe_location	library_location	michelle_home_location	k_home_location	Sadness_score	Analytical_score	Joy_score	Fear_score	Tentative_score	Anger_score	Confident_score	avg_attention	avg_engagement	avg_valence	blinks	productivity_score	heart_rate	spo2	current_tabCount	current_windowCount	tabs_activated	tabs_created	windows_created	calorie	distance	mean_speed
mood	1.0	0.3174257508852136	-0.585884915769388	0.6387623102564826	-0.2649397675076686	-0.43764296114159734	-0.1739442836958283	-0.013216146571843128	0.0	0.015995598616807598	-0.15818962583798052	0.0	0.09048549972160765	0.0	0.0	-0.16941046987443784	-0.1210233798865866	0.24798924218330745	0.2609887137730083	-0.13336016862715974	0.0	0.0	-0.23087463141458464	0.5716392475756985	0.0	0.0	0.0	0.0	-0.08513419407032158	-0.13336016862715974	0.1205147082446171	0.0	0.0916187290966185	0.07081255394634232	-0.17644530151689264	0.04524238500433144	0.0	0.0	0.14386733342808777	-0.14875495413918094	0.07172133788637733	-0.05802213451393256	0.4756646545320849	0.0	0.0	-0.42601601169271747	0.14878592795467402	0.0	0.045242385004331434	0.11324346999762203	0.04237670406532914	-0.06126541500103221	0.10357528861878904	-0.08311243931276636	0.1778950506537003	-0.08066042700950232	-0.06363511618945324	-0.266124004642132	0.22935631862181358	0.09978999368950688	-0.11885184151080652	0.07250332896530368	-0.14327358525338368	0.024108390035142167	0.01866867220455147	-0.02586453080579407	0.12478797704104824	0.11584407483205124	0.0008125772223114807	-0.12043434909335432	-0.11873650328010756	-0.09646207891992431
social	0.3174257508852136	1.0	-0.333759026115531	0.29102746511918376	0.21459006580779205	-0.1613652890391144	-0.12905356277463617	0.1301488931235986	0.0	-0.1366028443346953	-0.3039623276415368	0.0	0.3069270592374043	0.0	0.0	-0.28542611560073117	0.37091634262438444	-0.008436727098577752	0.09249279082280329	0.09042171335477683	0.0	0.0	-0.1285875384609702	0.3135731201065759	0.0	0.0	0.0	0.0	-0.038730611300721376	0.09042171335477683	0.26803032828535706	0.0	0.25118431396910307	0.1610378048819468	-0.007727423804674681	0.0396030469989576	0.0	0.0	-0.1125094601284629	0.26546773025920245	-0.027841007419020868	0.08760627342787007	0.40871870867169335	0.0	0.0	-0.3405780324925169	0.02785886076016797	0.0	-0.007727423804674667	-0.05178371692391251	0.15828358111419022	-0.1084310333720656	0.27983095422890003	-0.004341777118758118	0.18714817330287153	0.2708470684394515	-0.18946987422072473	-0.11386380654676437	0.33180483865025057	0.1053604123060514	0.02052406553761157	0.12780648658086496	0.02698370254577225	0.09509444677471378	0.04838322987526001	-0.18233740464804343	0.23642138510087302	0.1170659492988622	0.07563980260484797	-0.06156380078284675	-0.06673087082059424	-0.01280751022553964
alone	-0.585884915769388	-0.333759026115531	1.0	-0.382445420909245	-0.06475811615655258	0.11222244035586185	0.27855721683106394	-0.0068810235320398575	0.0	0.22208407953709472	0.19106168077515298	0.0	-0.13521702141526806	0.0	0.0	0.3224835237605152	0.10050378152592121	-0.5106621799868927	-0.05281340926646481	0.1436379142813083	0.0	0.0	0.16284134523826638	-0.41223800010768286	0.0	0.0	0.0	0.0	0.07069963216402697	0.1436379142813083	-0.3911855722419499	0.0	-0.3113217569517447	-0.14581799133830553	0.10050378152592125	-0.05339263393564562	0.0	0.0	-0.07630764196194495	-0.185230926864328	-0.060350568698158434	-0.002577867603707278	-0.47008096416778483	0.0	0.0	0.7724741052718268	-0.14581799133830556	0.0	-0.20728904939721257	-0.38134535562366645	-0.14362866209659791	-0.012361110831344366	-0.027069353330381324	0.0272001393180955	-0.16717446476068712	0.028860056305213013	0.21782912070886942	0.29301698384964714	-0.27993447604878097	-0.1053794881962691	0.15570167792907239	-0.2836230168289168	0.07794328884632136	-0.013499864926028006	-0.19902745096717475	0.05985084453823783	-0.28627204355746677	-0.14435391361728114	-0.06769129513423537	0.15214526084490013	0.15311922221963545	0.11955775529126414
morale	0.6387623102564826	0.29102746511918376	-0.382445420909245	1.0	-0.07676978541515589	-0.6327737537152166	-0.1853412620651325	0.11470894157767936	0.0	0.11735323557509503	-0.3976412531579205	0.0	-0.12759127566994144	0.0	0.0	-0.3213693801223064	0.011854466952761752	0.15000133626188406	0.10520706607207853	-0.04235539404983059	0.0	0.0	-0.3986794082731397	0.3183898052181329	0.0	0.0	0.0	0.0	0.037525742628909925	-0.04235539404983059	0.4046907843880389	0.0	0.3809756386084245	0.09589912005165863	-0.2785799733899013	0.05334510128742786	0.0	0.0	0.19483481262922098	-0.052435373900663204	0.14806224478415417	-0.002432485293808481	0.3707070134457959	0.0	0.0	-0.38030055098103743	0.0958991200516586	0.0	0.05334510128742785	0.056587564471118346	-0.02846309013476008	0.11715674015866302	-0.12015706000987705	-0.1665647930756974	-0.10505991014408687	-0.08681650477489196	0.041371983530350126	-0.17255004023327145	0.09741973030064618	-0.08777718370713983	-0.09128165942563438	0.300632378998926	-0.2226878899233686	-0.13122422550344834	0.16985126999930805	-0.05979756248546652	0.10146018077612898	0.15142075986003495	0.07239025399218466	-0.20840585211931245	-0.2201556589606391	-0.20911519760846836
stress	-0.2649397675076686	0.21459006580779205	-0.06475811615655258	-0.07676978541515589	1.0	0.10993713263183913	-0.06879384498954277	0.05832241396550674	0.0	-0.08556126439356895	-0.08564833701198088	0.0	0.041209011700318196	0.0	0.0	-0.08118762922710969	0.09680152041534051	-0.10677093926948808	-0.07856267639762704	0.13834671970161516	0.0	0.0	-0.050867919969686516	-0.1062574328255675	0.0	0.0	0.0	0.0	0.02638691615052048	0.13834671970161516	0.27708695025099506	0.0	0.28785944365078586	0.693720537505617	-0.051425807720649606	-0.051425807720649634	0.0	0.0	-0.00994367047855358	0.20623914989124692	0.006975291937335268	0.02184957816691506	0.14822494483307513	0.0	0.0	-0.24225528314802003	0.02638691615052043	0.0	0.09680152041534051	0.010071066631217955	0.11926204642296186	-0.05061911836710236	0.13984871219215153	0.05343864559656256	-0.12498292948088668	0.5510044827126013	-0.07402775540241428	0.00366786176043875	0.1791141656096625	0.16718668688349764	0.06153336418613744	0.1696771082146774	0.13329912591984622	0.006198485404194036	0.20570441456087618	0.011122309634204304	0.24004372147499878	0.12937917633863166	0.0991005779718349	-0.037986041103280584	-0.043176977043231486	0.016244190406730953
fatigue	-0.43764296114159734	-0.1613652890391144	0.11222244035586185	-0.6327737537152166	0.10993713263183913	1.0	0.07958406081828513	-0.003083430399060731	0.0	-0.14697937950463633	0.061488381096262104	0.0	-0.03673061831117747	0.0	0.0	0.00968515517622705	0.0025982528985579846	0.12045266570827794	-0.09800161434540287	0.07194652445656555	0.0	0.0	0.19934074496882234	-0.2615399119682271	0.0	0.0	0.0	0.0	0.04660755840136846	0.07194652445656555	-0.19594020479329294	0.0	-0.1756559004981655	-0.1325116856509495	0.22539843894990538	0.03442685090589331	0.0	0.0	-0.08726417159893117	0.09845451291676992	-0.047430092133188016	0.029323263498792985	-0.4600503311090943	0.0	0.0	0.157060509822069	0.0018277473882889574	0.0	0.19356984094257007	0.1459716344855301	0.0023989522242911063	-0.0006713374546992412	0.19776820205473378	0.2329271389771285	0.09151644218248312	0.10702008929726912	-0.0412357106454176	0.02061278745169987	-0.02881443830217482	0.02932744979378195	0.008734819921080014	-0.13090535693258976	0.21754376673424328	0.15543516088418385	-0.11922696826385693	-0.002912529666359048	-0.06822661500320978	-0.05172949498039664	0.07746555943351684	0.08079765687318137	0.08378717256310916	0.035609835477165196
compulsions	-0.1739442836958283	-0.12905356277463617	0.27855721683106394	-0.1853412620651325	-0.06879384498954277	0.07958406081828513	1.0	0.10163736215442123	0.0	-0.07537783614444091	0.09259259259259274	0.0	-0.02283292484169142	0.0	0.0	0.20269358797510476	0.15990053726670786	-0.12600112244114797	0.10235219508934913	0.021159863171626152	0.0	0.0	-0.03319530651546466	-0.10096905731787131	0.0	0.0	0.0	0.0	0.11248242599380107	0.021159863171626152	-0.01056496416382239	0.0	-0.04586202613989343	-0.09165234710605989	-0.13028932666176216	-0.13028932666176204	0.0	0.0	0.021159863171626134	0.02619560889424711	0.06827887419989181	0.07777398031285457	-0.21201911477417423	0.0	0.0	0.09763382652542325	0.11248242599380054	0.0	0.014805605302472975	-0.0028994826552203304	0.03175757858692684	-0.10143334801049499	-0.06951568296220569	0.050126203612503396	-0.16503664128784598	-0.09025444864384759	0.08194658180259835	0.03456512866409686	-0.032183011831859336	-0.01072669867618995	-0.19755196006218578	0.03511256789240778	0.16709140666228076	0.09973011747247096	0.2892151011332334	0.2761648662214228	-0.08398587580140644	0.020235745818613853	0.04680130773190184	-0.00928486502207491	0.0012160303739256343	-0.011268374536148817
ash_stuff_activity	-0.013216146571843128	0.1301488931235986	-0.0068810235320398575	0.11470894157767936	0.05832241396550674	-0.003083430399060731	0.10163736215442123	1.0	0.0	-0.11834115780078198	-0.21624970671153415	0.0	-0.10998533626601502	0.0	0.0	-0.06573562389453547	0.11791249501847331	-0.08518493278575807	-0.07284357808816708	-0.09784921095801637	0.0	0.0	-0.1599005372667078	0.101270340268915	0.0	0.0	0.0	0.0	-0.048162097430095134	-0.09784921095801637	-0.09623031732568862	0.0	-0.13431671344343138	-0.048162097430095134	-0.06846531968814575	-0.06846531968814573	0.0	0.0	-0.09784921095801632	-0.01121628962621185	-0.029235267310234323	0.06868295951599086	-0.016406233978295073	0.0	0.0	-0.04180430697547021	0.21405376635597856	0.0	0.30429030972509236	-0.059591246502576925	0.07489800684586617	-0.19129969694364507	0.12133137380570065	0.05622718531964788	-0.1673708263118028	-0.020985982919949416	-0.06023987540601895	-0.10245260976879748	0.055184156442890764	-0.18133491522875347	-0.08014424333922103	0.1445704960278543	-0.09792747606110608	-0.013437656161169362	0.19904408988642452	0.20209958148817736	0.15742105083166874	0.18598806186993533	0.4262867932595701	-0.0018231452055114967	0.004389526210712206	-0.011060034058144002
getting_ready_activity	0.0	0.0	0.0	0.0	0.0	0.0	0.0	0.0	0.0	0.0	0.0	0.0	0.0	0.0	0.0	0.0	0.0	0.0	0.0	0.0	0.0	0.0	0.0	0.0	0.0	0.0	0.0	0.0	0.0	0.0	0.0	0.0	0.0	0.0	0.0	0.0	0.0	0.0	0.0	0.0	0.0	0.0	0.0	0.0	0.0	0.0	0.0	0.0	0.0	0.0	0.0	0.0	0.0	0.0	0.0	0.0	0.0	0.0	0.0	0.0	0.0	0.0	0.0	0.0	0.0	0.0	0.0	0.0	0.0	0.0	0.0	0.0
errands_activity	0.015995598616807598	-0.1366028443346953	0.22208407953709472	0.11735323557509503	-0.08556126439356895	-0.14697937950463633	-0.07537783614444091	-0.11834115780078198	0.0	1.0	-0.13400504203456157	0.0	-0.09466030570784384	0.0	0.0	-0.14976057446828803	-0.05892556509887887	-0.05278717216432597	-0.04128614119223846	-0.08421519210665196	0.0	0.0	-0.04128614119223844	-0.1376204706407946	0.0	0.0	0.0	0.0	-0.04145133361448395	-0.08421519210665196	-0.17201465372429878	0.0	-0.20078141533757685	-0.041451333614483936	-0.05892556509887898	0.3535533905932737	0.0	0.0	-0.08421519210665185	-0.10425720702853722	-0.1132277034144598	-0.07254762501100101	-0.152498570332605	0.0	0.0	0.17503501050350137	-0.041451333614483866	0.0	-0.05892556509887887	0.07212372040131915	-0.0684335397204469	0.024990516564794635	-0.05259198487285214	0.1950125495536028	0.09956524835659113	0.009055595860845133	0.10797498185194782	0.0009556123058551508	-0.15976714966734568	-0.08614215919436989	0.2169293627896145	-0.2973989762071225	-0.10009639163270297	-0.28277141398187017	-0.2640049470175112	-0.026421208890437108	-0.021812427282387248	0.15046219364948532	-0.08466675133346027	-0.11744758378908182	-0.12671879712463552	-0.11687827788593207
leisure_activity	-0.15818962583798052	-0.3039623276415368	0.19106168077515298	-0.3976412531579205	-0.08564833701198088	0.061488381096262104	0.09259259259259274	-0.21624970671153415	0.0	-0.13400504203456157	1.0	0.0	-0.11606736794526447	0.0	0.0	0.5960395606792696	-0.13028932666176193	0.0039789828139307325	-0.03319530651546459	0.021159863171625944	0.0	0.0	0.10235219508934919	-0.1687428081202783	0.0	0.0	0.0	0.0	-0.09165234710605992	0.021159863171625944	-0.43412398200433816	0.0	-0.4054203110766588	-0.09165234710605992	-0.13028932666176216	-0.13028932666176213	0.0	0.0	0.02115986317162606	-0.23052135826937492	-0.011379812366648713	-0.041317427041203975	-0.14943515920830353	0.0	0.0	0.27003229498472936	-0.09165234710605967	0.0	-0.13028932666176193	-0.002899482655220281	-0.11748584436375077	-0.19519701258129446	0.014643345024948325	-0.0381884139848921	0.06613483946249622	-0.09577409785651875	-0.024154323068062852	0.006984359832652816	-0.03968205187623491	0.22838938247239632	-0.0395384334546036	-0.3778316001939356	-0.03316677968555152	0.031383603400427916	-0.09562671784258471	-0.08165451573373782	-0.18879795015113437	-0.24107567220731366	-0.25102519601656426	0.09447346563443515	0.09176243705497912	0.07611158980296878
studying_activity	0.0	0.0	0.0	0.0	0.0	0.0	0.0	0.0	0.0	0.0	0.0	0.0	0.0	0.0	0.0	0.0	0.0	0.0	0.0	0.0	0.0	0.0	0.0	0.0	0.0	0.0	0.0	0.0	0.0	0.0	0.0	0.0	0.0	0.0	0.0	0.0	0.0	0.0	0.0	0.0	0.0	0.0	0.0	0.0	0.0	0.0	0.0	0.0	0.0	0.0	0.0	0.0	0.0	0.0	0.0	0.0	0.0	0.0	0.0	0.0	0.0	0.0	0.0	0.0	0.0	0.0	0.0	0.0	0.0	0.0	0.0	0.0
chatting_activity	0.09048549972160765	0.3069270592374043	-0.13521702141526806	-0.12759127566994144	0.041209011700318196	-0.03673061831117747	-0.02283292484169142	-0.10998533626601502	0.0	-0.09466030570784384	-0.11606736794526447	0.0	1.0	0.0	0.0	-0.0136093264916645	-0.033467472037604105	-0.08244802259970757	0.07503664793768657	-0.04783101498036296	0.0	0.0	0.07503664793768632	0.07503664793768663	0.0	0.0	0.0	0.0	-0.023542775471669396	-0.04783101498036296	-0.0293093274739879	0.0	-0.04872455003708231	-0.023542775471669393	-0.0334674720376042	-0.033467472037604154	0.0	0.0	-0.04783101498036301	0.13421865961811577	0.1157562254139465	0.22799702801572472	0.05485513289323534	0.0	0.0	-0.025847433461985914	-0.023542775471669296	0.0	-0.03346747203760411	-0.07373433695734027	-0.028190266385036456	0.13030752252449807	0.06315966940514182	-0.06873420845080368	-0.006030253559898995	0.1009191536432356	0.026706338191369507	0.09599657415532771	-0.11282108919272593	-0.04739358650219929	0.1864356784293643	0.05201067700020654	0.053208917477719254	-0.013005917157317113	0.06921448919518129	-0.10954553933039379	-0.02350230641919539	-0.03360474481200923	-0.07213122508063838	0.08356686864536465	0.08763374544294975	0.08433832308007633
workshop_activity	0.0	0.0	0.0	0.0	0.0	0.0	0.0	0.0	0.0	0.0	0.0	0.0	0.0	0.0	0.0	0.0	0.0	0.0	0.0	0.0	0.0	0.0	0.0	0.0	0.0	0.0	0.0	0.0	0.0	0.0	0.0	0.0	0.0	0.0	0.0	0.0	0.0	0.0	0.0	0.0	0.0	0.0	0.0	0.0	0.0	0.0	0.0	0.0	0.0	0.0	0.0	0.0	0.0	0.0	0.0	0.0	0.0	0.0	0.0	0.0	0.0	0.0	0.0	0.0	0.0	0.0	0.0	0.0	0.0	0.0	0.0	0.0
in_class_activity	0.0	0.0	0.0	0.0	0.0	0.0	0.0	0.0	0.0	0.0	0.0	0.0	0.0	0.0	0.0	0.0	0.0	0.0	0.0	0.0	0.0	0.0	0.0	0.0	0.0	0.0	0.0	0.0	0.0	0.0	0.0	0.0	0.0	0.0	0.0	0.0	0.0	0.0	0.0	0.0	0.0	0.0	0.0	0.0	0.0	0.0	0.0	0.0	0.0	0.0	0.0	0.0	0.0	0.0	0.0	0.0	0.0	0.0	0.0	0.0	0.0	0.0	0.0	0.0	0.0	0.0	0.0	0.0	0.0	0.0	0.0	0.0
tv_activity	-0.16941046987443784	-0.28542611560073117	0.3224835237605152	-0.3213693801223064	-0.08118762922710969	0.00968515517622705	0.20269358797510476	-0.06573562389453547	0.0	-0.14976057446828803	0.5960395606792696	0.0	-0.0136093264916645	0.0	0.0	1.0	-0.07765759302467444	-0.19131158091484035	-0.01978571591209125	-0.11098661682987526	0.0	0.0	-0.019785715912091047	-0.1813690625275029	0.0	0.0	0.0	0.0	-0.054628424704319736	-0.11098661682987526	-0.25875506751420074	0.0	-0.29522428465265993	-0.054628424704319736	-0.07765759302467447	-0.0776575930246745	0.0	0.0	0.01261211554884945	-0.13739984911006672	0.04069691018177865	0.046356369057952033	-0.20097680678771154	0.0	0.0	0.3407734684258741	-0.054628424704319736	0.0	-0.07765759302467445	-0.17109243043345398	-0.08406962940702004	-0.2591589185220007	0.07268307679855719	-0.0820955803372256	-0.11225343708388506	-0.06104454334279957	0.11228542411320258	0.07133820789397864	-0.1160147407235238	0.09726723569165308	-0.10955901714065776	-0.23970617268974878	0.06286638049313188	0.11036462818160868	-0.09109447494408028	-0.029280730119680742	-0.27383971436415394	-0.2802402862356691	-0.16737258539842842	0.07958833045651889	0.09519464784186124	0.11159175315186644
meditation_activity	-0.1210233798865866	0.37091634262438444	0.10050378152592121	0.011854466952761752	0.09680152041534051	0.0025982528985579846	0.15990053726670786	0.11791249501847331	0.0	-0.05892556509887887	-0.13028932666176193	0.0	-0.033467472037604105	0.0	0.0	-0.07765759302467444	1.0	-0.051323480170953256	-0.04865618401009516	0.3349638754736701	0.0	0.0	-0.04865618401009514	-0.04865618401009518	0.0	0.0	0.0	0.0	-0.014655259544013723	0.3349638754736701	0.08108848540793825	0.0	0.06453359105519714	-0.014655259544013723	-0.020833333333333322	-0.020833333333333325	0.0	0.0	-0.029774566708770666	0.565194165260439	-0.04003203845127182	-0.025649458802128842	-0.05391638660171924	0.0	0.0	-0.19802950859533477	-0.014655259544013725	0.0	-0.020833333333333325	-0.045899254602157824	0.012641959475899706	0.07600366691189941	0.10682936793029968	-0.04278669970798674	-0.019238288766440566	-0.039941968763240764	-0.05837508271990756	-0.0433501444311336	0.13215140605850983	0.12901919788899782	0.0024661129174760963	0.10405694251214473	0.01686526982438718	0.07605444312786461	0.013814296934412941	0.0233532699669679	0.09946798885274763	0.049598593300141755	-0.04490132550669374	0.02332244637696352	0.02932973733026538	0.05134696031078797
with_k_activity	0.24798924218330745	-0.008436727098577752	-0.5106621799868927	0.15000133626188406	-0.10677093926948808	0.12045266570827794	-0.12600112244114797	-0.08518493278575807	0.0	-0.05278717216432597	0.0039789828139307325	0.0	-0.08244802259970757	0.0	0.0	-0.19131158091484035	-0.051323480170953256	1.0	0.09371328165396173	-0.07335045043566332	0.0	0.0	-0.11986582537134587	-0.11986582537134588	0.0	0.0	0.0	0.0	-0.036103628285153344	-0.07335045043566332	0.08853162962408266	0.0	0.05275253653186321	-0.03610362828515335	-0.051323480170953256	0.17729929513602016	0.0	0.0	0.09002100735285958	-0.09080681175698908	0.026896366232596617	-0.06318813553088361	-0.13282447673485373	0.0	0.0	-0.2841177994526647	-0.03610362828515339	0.0	-0.051323480170953256	0.6704491960128814	0.004833616274570096	0.2522852366643486	-0.1379959327106247	0.03802468066777842	0.04916816000542255	-0.09839812040683305	-0.14380859522174114	-0.17339953194941032	-0.05920956889507999	0.01611070199294671	-0.03451895384165893	0.12187811247692054	0.01727556706432021	0.06620862880556416	0.0504207178682381	-0.0449791041052744	-0.0634844026790327	-0.0018992871940081595	-0.11061562988603113	-0.18577631058752442	-0.1911536456324553	-0.21095202333696117
eating_activity	0.2609887137730083	0.09249279082280329	-0.05281340926646481	0.10520706607207853	-0.07856267639762704	-0.09800161434540287	0.10235219508934913	-0.07284357808816708	0.0	-0.04128614119223846	-0.03319530651546459	0.0	0.07503664793768657	0.0	0.0	-0.01978571591209125	-0.04865618401009516	0.09371328165396173	1.0	0.27119978432404385	0.0	0.0	-0.002272727272727182	0.10909090909090903	0.0	0.0	0.0	0.0	-0.03422731224428345	0.27119978432404385	-0.04261092768477246	0.0	0.0768661787241165	-0.03422731224428345	-0.04865618401009529	-0.04865618401009523	0.0	0.0	-0.0695384062369345	0.05452211841605606	-0.09349469900084562	-0.05990422978731533	-0.023085617523343677	0.0	0.0	0.03324199272326956	-0.0342273122442833	0.0	-0.04865618401009517	0.009528672332154847	0.14971054139413761	-0.019294798579815284	0.055477194781269015	-0.0999282016404714	0.14620180910448252	0.04886999200302124	-0.13633482078836867	0.11210022441151393	-0.17191938553967903	-0.02496276711491469	0.00011519197814634547	0.07951987041833186	0.039388784253853754	0.26185349786073564	0.07499024916393929	0.05454148803601056	-0.02645696293537773	-0.06650144671677397	-0.05592901519746239	-0.07958652512166008	-0.0860882798751765	-0.05415278178289711
working_out_activity	-0.13336016862715974	0.09042171335477683	0.1436379142813083	-0.04235539404983059	0.13834671970161516	0.07194652445656555	0.021159863171626152	-0.09784921095801637	0.0	-0.08421519210665196	0.021159863171625944	0.0	-0.04783101498036296	0.0	0.0	-0.11098661682987526	0.3349638754736701	-0.07335045043566332	0.27119978432404385	1.0	0.0	0.0	-0.06953840623693444	-0.06953840623693443	0.0	0.0	0.0	0.0	-0.02094499214052406	1.0	-0.002414374518091789	0.0	0.3181937282789639	-0.02094499214052406	-0.029774566708770656	-0.029774566708770652	0.0	0.0	-0.04255319148936166	0.1624307532906082	-0.057212956769062386	-0.03665767306309682	-0.07705617837930041	0.0	0.0	0.042010730049585235	-0.020944992140524067	0.0	-0.02977456670877067	-0.0655982600656702	0.014137822867141504	0.11587418227515267	0.17187065030948606	-0.06114986134577224	-0.08633361475180236	0.16038985641373385	-0.08342845413954673	0.07010725214866424	-0.09676882642863639	-0.014701697620752479	-0.09146122371422122	0.08281077133400211	0.0918698703632062	0.13017154119705987	-0.019476307141243123	0.03337600773597201	-0.054466096120450315	-0.06409057518115822	-0.06417204055734146	-0.026256360818882857	-0.034539138803461426	-0.015991457075575657
reading_activity	0.0	0.0	0.0	0.0	0.0	0.0	0.0	0.0	0.0	0.0	0.0	0.0	0.0	0.0	0.0	0.0	0.0	0.0	0.0	0.0	0.0	0.0	0.0	0.0	0.0	0.0	0.0	0.0	0.0	0.0	0.0	0.0	0.0	0.0	0.0	0.0	0.0	0.0	0.0	0.0	0.0	0.0	0.0	0.0	0.0	0.0	0.0	0.0	0.0	0.0	0.0	0.0	0.0	0.0	0.0	0.0	0.0	0.0	0.0	0.0	0.0	0.0	0.0	0.0	0.0	0.0	0.0	0.0	0.0	0.0	0.0	0.0
cooking_activity	0.0	0.0	0.0	0.0	0.0	0.0	0.0	0.0	0.0	0.0	0.0	0.0	0.0	0.0	0.0	0.0	0.0	0.0	0.0	0.0	0.0	0.0	0.0	0.0	0.0	0.0	0.0	0.0	0.0	0.0	0.0	0.0	0.0	0.0	0.0	0.0	0.0	0.0	0.0	0.0	0.0	0.0	0.0	0.0	0.0	0.0	0.0	0.0	0.0	0.0	0.0	0.0	0.0	0.0	0.0	0.0	0.0	0.0	0.0	0.0	0.0	0.0	0.0	0.0	0.0	0.0	0.0	0.0	0.0	0.0	0.0	0.0
feedly_activity	-0.23087463141458464	-0.1285875384609702	0.16284134523826638	-0.3986794082731397	-0.050867919969686516	0.19934074496882234	-0.03319530651546466	-0.1599005372667078	0.0	-0.04128614119223844	0.10235219508934919	0.0	0.07503664793768632	0.0	0.0	-0.019785715912091047	-0.04865618401009514	-0.11986582537134587	-0.002272727272727182	-0.06953840623693444	0.0	0.0	1.0	-0.11363636363636356	0.0	0.0	0.0	0.0	-0.034227312244283443	-0.06953840623693444	-0.19727281335542796	0.0	-0.2185410963724878	-0.03422731224428344	-0.04865618401009527	-0.04865618401009521	0.0	0.0	-0.06953840623693448	-0.08608755539377266	-0.09349469900084559	-0.059904229787315334	-0.023085617523343652	0.0	0.0	0.104061890264148	-0.03422731224428329	0.0	-0.048656184010095145	0.009528672332154866	0.04932994386892928	-0.02839644776862281	-0.010965295233888735	-0.09992820164047146	0.21896158983412362	-0.09328434152974632	-0.04875410508365672	0.07218750437219097	0.06470870737002234	0.11191605342120894	0.16380299292402986	-0.28321977198436765	0.19126160485231944	0.1495487154084288	-0.04464535764178709	0.054541488036010846	0.07464955371521978	0.05113649151867461	-0.05592901519746229	0.17575152521689796	0.18914474279877422	0.15336818248633424
with_friends_activity	0.5716392475756985	0.3135731201065759	-0.41223800010768286	0.3183898052181329	-0.1062574328255675	-0.2615399119682271	-0.10096905731787131	0.101270340268915	0.0	-0.1376204706407946	-0.1687428081202783	0.0	0.07503664793768663	0.0	0.0	-0.1813690625275029	-0.04865618401009518	-0.11986582537134588	0.10909090909090903	-0.06953840623693443	0.0	0.0	-0.11363636363636356	1.0	0.0	0.0	0.0	0.0	-0.03422731224428347	-0.06953840623693443	0.18938190082121112	0.0	0.1507179974982674	-0.03422731224428347	-0.04865618401009531	-0.048656184010095235	0.0	0.0	-0.06953840623693452	-0.08608755539377275	-0.0934946990008457	-0.059904229787315376	0.5939299781005676	0.0	0.0	-0.3916773925220015	0.3012003477496933	0.0	0.1897591176393712	-0.10719756373674241	0.08635157398106356	-0.1888510311561086	0.25992288374780836	-0.09992820164047142	0.20640488118225175	-0.09328434152974635	-0.037522816995370835	-0.2679115436115177	0.35789452185545345	0.0940794432139163	-0.011173621880190474	0.06443012443295242	-0.04287566023698182	-0.018908458270031226	-0.01900915618341717	-0.10581048678986037	0.2777194219032846	0.09230976990108179	0.13982253799365574	0.011899638429024367	0.020446475648311972	0.02048159153087629
therapy_activity	0.0	0.0	0.0	0.0	0.0	0.0	0.0	0.0	0.0	0.0	0.0	0.0	0.0	0.0	0.0	0.0	0.0	0.0	0.0	0.0	0.0	0.0	0.0	0.0	0.0	0.0	0.0	0.0	0.0	0.0	0.0	0.0	0.0	0.0	0.0	0.0	0.0	0.0	0.0	0.0	0.0	0.0	0.0	0.0	0.0	0.0	0.0	0.0	0.0	0.0	0.0	0.0	0.0	0.0	0.0	0.0	0.0	0.0	0.0	0.0	0.0	0.0	0.0	0.0	0.0	0.0	0.0	0.0	0.0	0.0	0.0	0.0
commuting_activity	0.0	0.0	0.0	0.0	0.0	0.0	0.0	0.0	0.0	0.0	0.0	0.0	0.0	0.0	0.0	0.0	0.0	0.0	0.0	0.0	0.0	0.0	0.0	0.0	0.0	0.0	0.0	0.0	0.0	0.0	0.0	0.0	0.0	0.0	0.0	0.0	0.0	0.0	0.0	0.0	0.0	0.0	0.0	0.0	0.0	0.0	0.0	0.0	0.0	0.0	0.0	0.0	0.0	0.0	0.0	0.0	0.0	0.0	0.0	0.0	0.0	0.0	0.0	0.0	0.0	0.0	0.0	0.0	0.0	0.0	0.0	0.0
school_work_activity	0.0	0.0	0.0	0.0	0.0	0.0	0.0	0.0	0.0	0.0	0.0	0.0	0.0	0.0	0.0	0.0	0.0	0.0	0.0	0.0	0.0	0.0	0.0	0.0	0.0	0.0	0.0	0.0	0.0	0.0	0.0	0.0	0.0	0.0	0.0	0.0	0.0	0.0	0.0	0.0	0.0	0.0	0.0	0.0	0.0	0.0	0.0	0.0	0.0	0.0	0.0	0.0	0.0	0.0	0.0	0.0	0.0	0.0	0.0	0.0	0.0	0.0	0.0	0.0	0.0	0.0	0.0	0.0	0.0	0.0	0.0	0.0
with_parents_activity	0.0	0.0	0.0	0.0	0.0	0.0	0.0	0.0	0.0	0.0	0.0	0.0	0.0	0.0	0.0	0.0	0.0	0.0	0.0	0.0	0.0	0.0	0.0	0.0	0.0	0.0	0.0	0.0	0.0	0.0	0.0	0.0	0.0	0.0	0.0	0.0	0.0	0.0	0.0	0.0	0.0	0.0	0.0	0.0	0.0	0.0	0.0	0.0	0.0	0.0	0.0	0.0	0.0	0.0	0.0	0.0	0.0	0.0	0.0	0.0	0.0	0.0	0.0	0.0	0.0	0.0	0.0	0.0	0.0	0.0	0.0	0.0
trying_to_leave_apt_activity	-0.08513419407032158	-0.038730611300721376	0.07069963216402697	0.037525742628909925	0.02638691615052048	0.04660755840136846	0.11248242599380107	-0.048162097430095134	0.0	-0.04145133361448395	-0.09165234710605992	0.0	-0.023542775471669396	0.0	0.0	-0.054628424704319736	-0.014655259544013723	-0.036103628285153344	-0.03422731224428345	-0.02094499214052406	0.0	0.0	-0.034227312244283443	-0.03422731224428347	0.0	0.0	0.0	0.0	1.0	-0.02094499214052406	-0.0594186399842153	0.0	-0.06582465422499276	-0.010309278350515455	-0.014655259544013716	-0.014655259544013716	0.0	0.0	-0.02094499214052406	-0.0259296016215253	-0.028160635851807708	-0.018043174843616963	-0.037927614687532	0.0	0.0	0.07400543306887224	-0.010309278350515459	0.0	-0.01465525954401372	-0.032287943475426614	0.11185292665090281	-0.056881996257107964	0.06880902844255692	-0.030098409084111395	0.08267741268951438	-0.02809727610836079	-0.04106409543184898	-0.04093075072474338	0.043020467969701714	-0.11995197470706719	0.11224111963769147	-0.034293947277714495	-0.04531626745778243	-0.03106491385278529	-0.041759850826003815	-0.1445656534364433	-0.06035887651203469	-0.0714075113393074	-0.031585947800200444	-0.05304784554205562	-0.05458332677746824	-0.060236691725509106
working_activity	-0.13336016862715974	0.09042171335477683	0.1436379142813083	-0.04235539404983059	0.13834671970161516	0.07194652445656555	0.021159863171626152	-0.09784921095801637	0.0	-0.08421519210665196	0.021159863171625944	0.0	-0.04783101498036296	0.0	0.0	-0.11098661682987526	0.3349638754736701	-0.07335045043566332	0.27119978432404385	1.0	0.0	0.0	-0.06953840623693444	-0.06953840623693443	0.0	0.0	0.0	0.0	-0.02094499214052406	1.0	-0.002414374518091789	0.0	0.3181937282789639	-0.02094499214052406	-0.029774566708770656	-0.029774566708770652	0.0	0.0	-0.04255319148936166	0.1624307532906082	-0.057212956769062386	-0.03665767306309682	-0.07705617837930041	0.0	0.0	0.042010730049585235	-0.020944992140524067	0.0	-0.02977456670877067	-0.0655982600656702	0.014137822867141504	0.11587418227515267	0.17187065030948606	-0.06114986134577224	-0.08633361475180236	0.16038985641373385	-0.08342845413954673	0.07010725214866424	-0.09676882642863639	-0.014701697620752479	-0.09146122371422122	0.08281077133400211	0.0918698703632062	0.13017154119705987	-0.019476307141243123	0.03337600773597201	-0.054466096120450315	-0.06409057518115822	-0.06417204055734146	-0.026256360818882857	-0.034539138803461426	-0.015991457075575657
schoolwork_activity	0.1205147082446171	0.26803032828535706	-0.3911855722419499	0.4046907843880389	0.27708695025099506	-0.19594020479329294	-0.01056496416382239	-0.09623031732568862	0.0	-0.17201465372429878	-0.43412398200433816	0.0	-0.0293093274739879	0.0	0.0	-0.25875506751420074	0.08108848540793825	0.08853162962408266	-0.04261092768477246	-0.002414374518091789	0.0	0.0	-0.19727281335542796	0.18938190082121112	0.0	0.0	0.0	0.0	-0.0594186399842153	-0.002414374518091789	1.0	0.0	0.9026806245137093	0.1735024287539081	-0.08446717229993568	-0.08446717229993565	0.0	0.0	0.2341943282549077	0.33874893912188714	0.2921523629225383	0.16777664510770038	0.2812652129143465	0.0	0.0	-0.5570088543456923	0.17350242875390853	0.0	-0.08446717229993572	0.13812388293023703	0.12252452370253107	0.1614574315243617	-0.11303451631052662	-0.08755086039023974	-0.11347040316652199	0.11225375824203866	-0.018460462414772807	-0.10734392067855252	0.17359853994432925	-0.03587495232280784	-0.007638982402541999	0.4922177864118043	0.0332254484218793	0.11339579267794028	0.3942429559235252	0.057567911244701335	0.2584062384969598	0.09489957451045372	-0.01213660159382201	-0.16605433567434424	-0.17009450214928076	-0.13010128331908608
shopping_activity	0.0	0.0	0.0	0.0	0.0	0.0	0.0	0.0	0.0	0.0	0.0	0.0	0.0	0.0	0.0	0.0	0.0	0.0	0.0	0.0	0.0	0.0	0.0	0.0	0.0	0.0	0.0	0.0	0.0	0.0	0.0	0.0	0.0	0.0	0.0	0.0	0.0	0.0	0.0	0.0	0.0	0.0	0.0	0.0	0.0	0.0	0.0	0.0	0.0	0.0	0.0	0.0	0.0	0.0	0.0	0.0	0.0	0.0	0.0	0.0	0.0	0.0	0.0	0.0	0.0	0.0	0.0	0.0	0.0	0.0	0.0	0.0
work_activity	0.0916187290966185	0.25118431396910307	-0.3113217569517447	0.3809756386084245	0.28785944365078586	-0.1756559004981655	-0.04586202613989343	-0.13431671344343138	0.0	-0.20078141533757685	-0.4054203110766588	0.0	-0.04872455003708231	0.0	0.0	-0.29522428465265993	0.06453359105519714	0.05275253653186321	0.0768661787241165	0.3181937282789639	0.0	0.0	-0.2185410963724878	0.1507179974982674	0.0	0.0	0.0	0.0	-0.06582465422499276	0.3181937282789639	0.9026806245137093	0.0	1.0	0.15661728074222342	-0.09357370703003608	-0.093573707030036	0.0	0.0	0.2052118972233898	0.3006727013309588	0.2542076619343976	0.1443379469427877	0.23520865978313862	0.0	0.0	-0.4667732582292975	0.15661728074222359	0.0	-0.09357370703003597	0.1034740608364422	0.12314061954032754	0.15583209458558384	-0.07895460073234824	-0.11011926364795202	-0.1457893709800079	0.17672945971095833	-0.053794600704908636	-0.06606253598259618	0.1229141996273852	-0.04139595062217493	-0.01699691268431804	0.5020946666170458	0.08834048130868398	0.18334002616135386	0.3510624424156233	0.03399950763405445	0.23908059256180034	0.07845050597866181	-0.03940795538195976	-0.16996518220767873	-0.17741401079404281	-0.1311800160441909
email_activity	0.07081255394634232	0.1610378048819468	-0.14581799133830553	0.09589912005165863	0.693720537505617	-0.1325116856509495	-0.09165234710605989	-0.048162097430095134	0.0	-0.041451333614483936	-0.09165234710605992	0.0	-0.023542775471669393	0.0	0.0	-0.054628424704319736	-0.014655259544013723	-0.03610362828515335	-0.03422731224428345	-0.02094499214052406	0.0	0.0	-0.03422731224428344	-0.03422731224428347	0.0	0.0	0.0	0.0	-0.010309278350515455	-0.02094499214052406	0.1735024287539081	0.0	0.15661728074222342	1.0	-0.014655259544013716	-0.014655259544013716	0.0	0.0	-0.02094499214052406	-0.0259296016215253	-0.028160635851807708	-0.018043174843616963	0.27181457192731256	0.0	0.0	-0.13930434460023028	-0.010309278350515459	0.0	-0.01465525954401372	-0.03228794347542662	0.11150027707459183	-0.056881996257107964	0.07566854816858173	-0.030098409084111398	-0.12375241373479902	0.3749028060503454	-0.04106409543184898	-0.05239930599675484	0.32040602088220693	0.2942268025794025	-0.05776861335293876	-0.001445345343221351	-0.04531626745778243	0.05350068496868579	0.03545647711641832	-0.14456565343644326	0.06609981677365062	0.08803913423352602	0.11581514193406757	0.10143365784962981	0.09872893637819825	0.15086261424185843
washing_up_activity	-0.17644530151689264	-0.007727423804674681	0.10050378152592125	-0.2785799733899013	-0.051425807720649606	0.22539843894990538	-0.13028932666176216	-0.06846531968814575	0.0	-0.05892556509887898	-0.13028932666176216	0.0	-0.0334674720376042	0.0	0.0	-0.07765759302467447	-0.020833333333333322	-0.051323480170953256	-0.04865618401009529	-0.029774566708770656	0.0	0.0	-0.04865618401009527	-0.04865618401009531	0.0	0.0	0.0	0.0	-0.014655259544013716	-0.029774566708770656	-0.08446717229993568	0.0	-0.09357370703003608	-0.014655259544013716	1.0	-0.02083333333333331	0.0	0.0	-0.029774566708770656	-0.036860489038724256	-0.04003203845127185	-0.025649458802128912	-0.05391638660171932	0.0	0.0	0.10520317644127158	-0.014655259544013718	0.0	-0.02083333333333332	-0.04589925460215776	0.13782683988378233	0.043836808688390336	0.10868481243773287	0.44885813189912954	0.08548603321151284	0.22571343556742726	-0.058375082719907746	0.05604227713526257	-0.012679919096631678	-0.020040331427504558	0.014550066213108951	0.07927567690983452	0.13879287625971085	0.04600067124669227	-0.09595335978767913	0.02335326996696793	-0.07846627950145237	-0.051140518480457045	-0.044901325506693825	0.03128794789831716	0.036385252163517665	0.08408002760994854
resting_activity	0.04524238500433144	0.0396030469989576	-0.05339263393564562	0.05334510128742786	-0.051425807720649634	0.03442685090589331	-0.13028932666176204	-0.06846531968814573	0.0	0.3535533905932737	-0.13028932666176213	0.0	-0.033467472037604154	0.0	0.0	-0.0776575930246745	-0.020833333333333325	0.17729929513602016	-0.04865618401009523	-0.029774566708770652	0.0	0.0	-0.04865618401009521	-0.048656184010095235	0.0	0.0	0.0	0.0	-0.014655259544013716	-0.029774566708770652	-0.08446717229993565	0.0	-0.093573707030036	-0.014655259544013716	-0.02083333333333331	1.0	0.0	0.0	-0.029774566708770663	-0.036860489038724256	-0.040032038451271845	-0.02564945880212891	-0.05391638660171927	0.0	0.0	-0.04641316607703156	-0.014655259544013723	0.0	-0.020833333333333325	0.20399668712070115	0.1733849070268915	0.08954261895319399	-0.04556156207543109	0.2160842288037361	0.12886502644533535	-0.03994196876324078	-0.058375082719907594	-0.28463719675223276	-0.004953762640394144	-0.12483156182184874	0.03871797280437473	-0.05263231276607697	0.030412781650534234	-0.16437573192151367	-0.11424796924136114	0.023353269966967884	-0.07663190560089365	-0.038548129507882195	-0.04490132550669378	-0.07541070463294888	-0.07759348360785263	-0.08563008207707798
just_woke_up_activity	0.0	0.0	0.0	0.0	0.0	0.0	0.0	0.0	0.0	0.0	0.0	0.0	0.0	0.0	0.0	0.0	0.0	0.0	0.0	0.0	0.0	0.0	0.0	0.0	0.0	0.0	0.0	0.0	0.0	0.0	0.0	0.0	0.0	0.0	0.0	0.0	0.0	0.0	0.0	0.0	0.0	0.0	0.0	0.0	0.0	0.0	0.0	0.0	0.0	0.0	0.0	0.0	0.0	0.0	0.0	0.0	0.0	0.0	0.0	0.0	0.0	0.0	0.0	0.0	0.0	0.0	0.0	0.0	0.0	0.0	0.0	0.0
errandss_activity	0.0	0.0	0.0	0.0	0.0	0.0	0.0	0.0	0.0	0.0	0.0	0.0	0.0	0.0	0.0	0.0	0.0	0.0	0.0	0.0	0.0	0.0	0.0	0.0	0.0	0.0	0.0	0.0	0.0	0.0	0.0	0.0	0.0	0.0	0.0	0.0	0.0	0.0	0.0	0.0	0.0	0.0	0.0	0.0	0.0	0.0	0.0	0.0	0.0	0.0	0.0	0.0	0.0	0.0	0.0	0.0	0.0	0.0	0.0	0.0	0.0	0.0	0.0	0.0	0.0	0.0	0.0	0.0	0.0	0.0	0.0	0.0
mountain_view_location	0.14386733342808777	-0.1125094601284629	-0.07630764196194495	0.19483481262922098	-0.00994367047855358	-0.08726417159893117	0.021159863171626134	-0.09784921095801632	0.0	-0.08421519210665185	0.02115986317162606	0.0	-0.04783101498036301	0.0	0.0	0.01261211554884945	-0.029774566708770666	0.09002100735285958	-0.0695384062369345	-0.04255319148936166	0.0	0.0	-0.06953840623693448	-0.06953840623693452	0.0	0.0	0.0	0.0	-0.02094499214052406	-0.04255319148936166	0.2341943282549077	0.0	0.2052118972233898	-0.02094499214052406	-0.029774566708770656	-0.029774566708770663	0.0	0.0	1.0	-0.05268024431046748	0.7437684379978109	-0.03665767306309693	-0.0770561783793005	0.0	0.0	-0.28301965507088983	-0.020944992140524064	0.0	-0.02977456670877066	-0.0655982600656702	0.0334567529654475	0.13376528138286728	0.029488791282220962	-0.06114986134577225	-0.1352230677418246	-0.057084231044195875	0.08480563422968612	0.05577819891183189	-0.10535116264423869	-0.019075761768245547	-0.10873135844253291	0.2164347791914156	-0.03398197355370208	-0.0631134745197866	0.45115664898413826	0.44223210250162964	-0.06364186771638079	-0.10008413602788313	-0.06417204055734148	-0.10777541067115858	-0.11089499298469985	-0.12238073237191037
parents_home_location	-0.14875495413918094	0.26546773025920245	-0.185230926864328	-0.052435373900663204	0.20623914989124692	0.09845451291676992	0.02619560889424711	-0.01121628962621185	0.0	-0.10425720702853722	-0.23052135826937492	0.0	0.13421865961811577	0.0	0.0	-0.13739984911006672	0.565194165260439	-0.09080681175698908	0.05452211841605606	0.1624307532906082	0.0	0.0	-0.08608755539377266	-0.08608755539377275	0.0	0.0	0.0	0.0	-0.0259296016215253	0.1624307532906082	0.33874893912188714	0.0	0.3006727013309588	-0.0259296016215253	-0.036860489038724256	-0.036860489038724256	0.0	0.0	-0.05268024431046748	1.0	-0.07082882469748286	-0.0453816765612039	-0.09539445011233406	0.0	0.0	-0.3503742974842701	-0.025929601621525303	0.0	-0.03686048903872426	-0.08120971061512577	0.02913652251809346	-0.05055412785641658	-0.06895502945859613	-0.07570265642829276	0.05759694673268121	0.08084724998989073	-0.10328323664312526	0.04234814409452305	0.0055751656745676725	0.023870310509572414	-0.05265051263194241	0.2524651528007014	-0.16990738398001903	0.13456339042852475	0.09996868769331435	0.04131902167851799	0.23873663109745782	0.058048620019972255	-0.01765423804441255	-0.011716930767395176	-0.012617447846149646	0.03904108245411345
vacation_location	0.07172133788637733	-0.027841007419020868	-0.060350568698158434	0.14806224478415417	0.006975291937335268	-0.047430092133188016	0.06827887419989181	-0.029235267310234323	0.0	-0.1132277034144598	-0.011379812366648713	0.0	0.1157562254139465	0.0	0.0	0.04069691018177865	-0.04003203845127182	0.026896366232596617	-0.09349469900084562	-0.057212956769062386	0.0	0.0	-0.09349469900084559	-0.0934946990008457	0.0	0.0	0.0	0.0	-0.028160635851807708	-0.057212956769062386	0.2921523629225383	0.0	0.2542076619343976	-0.028160635851807708	-0.04003203845127185	-0.040032038451271845	0.0	0.0	0.7437684379978109	-0.07082882469748286	1.0	0.6407232755171882	-0.10360237735649591	0.0	0.0	-0.13080416089248595	-0.02816063585180766	0.0	-0.04003203845127183	-0.08819715480567818	-0.003011713918198089	0.14125031133168267	-0.055742662761404764	-0.08221626277983102	-0.12499185498146148	-0.07675000460877857	0.017082347130881255	0.11139713096883075	-0.1106897648554984	-0.06132212043806813	-0.0649205914456733	0.2479608957345483	0.11422228955150338	-0.051856658026114257	0.43834616920220887	0.2333457987196358	-0.1296270124321592	-0.1743153764952011	-0.08627959628145761	-0.14490452292017802	-0.1490988153291692	-0.16454144343816748
