	mood	social	alone	morale	stress	fatigue	compulsions	ash_stuff_activity	getting_ready_activity	errands_activity	with_kevin_activity	leisure_activity	schoolworrk_activity	witith_friends_activity	studying_activity	chatting_activity	workshop_activity	in_class_activity	tv_activity	feedlyy_activity	meditation_activity	with_k_activity	eating_activity	working_out_activity	reading_activity	cooking_activity	feedly_activity	with_friends_activity	therapy_activity	commuting_activity	school_work_activity	with_parents_activity	trying_to_leave_apt_activity	working_activity	schoolwork_activity	shopping_activity	work_activity	email_activity	chattingg_activity	washing_up_activity	resting_activity	just_woke_up_activity	errandss_activity	mountain_view_location	parents_home_location	vacation_location	la_location	school_location	therapy_location	kevin_home_location	home_location	airport_location	library_location	cafe_location	michelle_home_location	Sadness_score	Analytical_score	Joy_score	Fear_score	Tentative_score	Anger_score	Confident_score	blinks	max_attention	max_engagement	max_valence	min_attention	min_engagement	min_valence	productivity_score	heart_rate
mood	1.0	0.2968706786606993	-0.5623290743383911	0.6094491109588204	-0.22857048745004288	-0.505302913032746	-0.18897588952752423	-0.027521532719416084	0.0	0.03195817721904718	0.0	-0.15873879587890113	0.0	0.08908369447123678	0.0	0.08423446552310893	0.0	0.0	-0.05632314132166443	-0.0066480369008385725	-0.14581738124543753	0.20851504679212732	0.24912917917893965	-0.19811149964498934	0.0	0.0	-0.21956828286110155	0.5911453769337347	0.0	0.0	0.0	0.0	-0.10237976827291365	-0.19811149964498934	0.17428510580276746	0.0	0.17093671239898356	0.08908369447123676	0.0	-0.19811149964498945	0.05870569894296837	0.0	0.0	0.10045166253759988	-0.19159074467569565	-0.015302775133841477	-0.14581738124543753	0.5055985764576657	0.0	0.05724972317466468	-0.3919634795167558	0.0	0.0	0.1848154258433122	-0.006648036900838572	0.09753420115210314	-0.02274125426323836	0.19077110089013768	-0.15080032190905682	0.10778594764047698	-0.11067545763212014	-0.022426853021791225	-0.12191344501465784	-0.18289434667833568	0.08945352965292772	0.1648453161028138	-0.31782036800222585	0.18503484357550692	-0.1577858569014259	0.08298104534729156	-0.18394013446835517
social	0.2968706786606993	1.0	-0.32981908633310775	0.2685944543804726	0.23455235849602843	-0.17914217543079478	-0.07525362536644475	0.05293097353260421	0.0	-0.1547203898344173	0.0	-0.31917252681128716	0.0	0.0284776459030844	0.0	0.28267648106885584	0.0	0.0	-0.2989457220736216	-0.04475058641913261	0.40560120614389433	-0.09481597892568033	0.031839170001334675	0.10170587822530142	0.0	0.0	-0.051678378888737206	0.35141297644341346	0.0	0.0	0.0	0.0	-0.04475058641913256	0.10170587822530142	0.33329048882505724	0.0	0.30101128813496114	0.17493411054751856	0.0	-0.11797881874134951	0.04056012061438946	0.0	0.0	-0.1215122949648293	0.36895979354487807	-0.10300907941608263	-0.011588605889825566	0.43538138625308037	0.0	-0.06588907010089654	-0.41995071171703463	0.0	0.0	0.028477645903084402	-0.04475058641913261	0.1722819240560484	-0.10618443810518438	0.26784235170484577	-0.01061027698431119	0.2200368033061525	0.2881083922535503	-0.19725380993995456	0.013083494885692255	-0.01373795430253108	0.0948025693307624	0.23560409227278273	-0.3771579921191147	0.028975253848110415	-0.21484040303394225	0.09932739731618036	-0.009667195247490006
alone	-0.5623290743383911	-0.32981908633310775	1.0	-0.35692012314666927	-0.11706711366813718	0.17125387455456223	0.2491550266312493	0.03554176118465998	0.0	0.24415533430908476	0.0	0.26701406961152324	0.0	-0.17322275745038232	0.0	-0.09391975123591799	0.0	0.0	0.35145852308331516	-0.17322275745038232	0.11580621191111098	-0.47899001881781383	-0.1643754717501787	0.08130864125222026	0.0	0.0	0.09879486782973203	-0.4400862294233511	0.0	0.0	0.0	0.0	0.08130864125222023	0.08130864125222026	-0.4633890050582486	0.0	-0.43884432522799893	-0.17322275745038204	0.0	0.0813086412522202	-0.06545568499323673	0.0	0.0	-0.006211180124223559	-0.1643754717501787	0.06998163648769971	0.11580621191111101	-0.5370239596682633	0.0	-0.37844400903681513	0.7977384805900933	0.0	0.0	-0.17322275745038232	-0.17322275745038232	-0.23289860973082172	-0.0357703570342834	-0.13005571951740402	0.027152103385034026	-0.16392166893860077	-0.042247828046579984	0.24005458199886334	0.19290419258365585	0.19885020116553498	0.06024595428100789	-0.14916916749594897	0.3249552476841456	-0.1730488226041268	0.07520899589168838	-0.2698953596850086	-0.016800929435574073
morale	0.6094491109588204	0.2685944543804726	-0.35692012314666927	1.0	-0.07992006346669635	-0.6204588220539408	-0.19737236506912167	0.10227329026036401	0.0	0.09771424421203315	0.0	-0.4155730730484142	0.0	-0.11759530565654372	0.0	-0.20397132230040152	0.0	0.0	-0.26227009349955055	-0.25989550745941997	-0.015482135397827378	0.1526311784261689	0.056866933212201404	-0.04644520475510549	0.0	0.0	-0.44939567314402634	0.36403560115018896	0.0	0.0	0.0	0.0	0.024704896146332683	-0.04644520475510549	0.42981350833217247	0.0	0.4316588931065066	0.09585499704777076	0.0	-0.2598955074594197	0.035186671358698594	0.0	0.0	0.16841470716927623	-0.0741544809087106	0.1223776402726573	-0.015482135397827383	0.3429851819793292	0.0	-0.016004803875889907	-0.3027035531197224	0.0	0.0	0.09585499704777088	0.024704896146332703	-0.011381839436127389	0.09682534253478374	-0.11985572202362865	-0.07875513857343742	-0.08254760611326119	-0.12798666124033956	0.031280178056753816	-0.126465669881625	-0.07892978922101822	-0.05810656338927085	-0.09217455559858528	0.007426818693765738	0.09568460322972505	-0.13630093934945686	0.3395638664006606	-0.2678670490033908
stress	-0.22857048745004288	0.23455235849602843	-0.11706711366813718	-0.07992006346669635	1.0	0.12181092713530994	-0.06308938085635142	0.020879915142901714	0.0	-0.10798385623941029	0.0	-0.0751563439968141	0.0	0.024156684393104685	0.0	0.02658255533970441	0.0	0.0	-0.13975926155928814	-0.06503722721220491	0.09792438421731697	-0.07413765120538676	-0.02651932328661079	0.11335059599841432	0.0	0.0	0.004720921780098647	-0.12746488806266404	0.0	0.0	0.0	0.0	0.02415668439310467	0.11335059599841432	0.2878601169374905	0.0	0.26904164444578826	0.7377079772355802	0.0	-0.06503722721220492	-0.06087191451346733	0.0	0.0	0.016324099515477277	0.21985374466641863	0.014542854705560777	0.002646604978846415	0.173477751302622	0.0	0.031563554473580516	-0.30155358045183944	0.0	0.0	0.024156684393104685	0.11335059599841428	0.1735948997963459	-0.08989178496913433	0.11959797103675342	0.1283021696430998	-0.027882087238499612	0.684296550355848	-0.1401201325955998	0.05761658171809863	-0.02982266292984932	-0.02781031189920626	0.09293350788957555	-0.12505940194540455	0.024181930405513082	-0.11931959740235565	0.1069019310783226	0.14178047506739808
fatigue	-0.505302913032746	-0.17914217543079478	0.17125387455456223	-0.6204588220539408	0.12181092713530994	1.0	0.1871076192098819	-0.0030602061533596156	0.0	-0.059600356157006706	0.0	0.04718852086712215	0.0	0.025872567758823992	0.0	-0.028703166040401445	0.0	0.0	-0.04153863461040635	0.18554327164185205	0.036849761826282336	0.050517409000703895	-0.11196290481134827	0.025872567758824003	0.0	0.0	0.2685593999647159	-0.3399248349203746	0.0	0.0	0.0	0.0	0.0790961357198333	0.025872567758824003	-0.14974922457856557	0.0	-0.168082872885916	-0.13379813612420402	0.0	0.18554327164185194	0.07475237399045848	0.0	0.0	-0.04805498755106352	0.10855977700553222	-0.013952824003845838	0.036849761826282315	-0.4441261022804302	0.0	0.13461575462037279	0.14551546836548485	0.0	0.0	0.025872567758823996	0.23876683960286146	-0.03318392961882596	0.04115341394807519	0.2476645878348052	0.24177622149477843	0.04529554002590489	0.08317600461883395	0.0002765429135039253	0.04932956810344693	-0.0769164094545172	-0.10963430554929489	0.04521122056545813	-0.03476489295875448	0.026067390375212197	0.2627962481775708	-0.17176008847760085	0.27204508213161177
compulsions	-0.18897588952752423	-0.07525362536644475	0.2491550266312493	-0.19737236506912167	-0.06308938085635142	0.1871076192098819	1.0	0.22429259580683786	0.0	-0.16756522922195946	0.0	0.0787454740230227	0.0	-0.11542609036637617	0.0	0.006739701390665604	0.0	0.0	0.18531760113378798	-0.1154260903663762	0.17379321515137774	-0.13157724574669388	0.17156202185791325	0.12202186695874055	0.0	0.0	-0.09216403037090165	-0.0921640303709014	0.0	0.0	0.0	0.0	0.12202186695874052	0.12202186695874055	-0.03929887459459307	0.0	-0.0672859323901323	-0.11542609036637623	0.0	-0.11542609036637623	-0.16439898730535749	0.0	0.0	0.07532593828386612	0.06224816722278266	0.1715620218579131	0.17379321515137783	-0.2585359244241956	0.0	-0.03777960521439732	0.09183701326516228	0.0	0.0	0.12202186695874055	0.12202186695874055	0.08154985894511178	-0.07130531458327602	-0.0753984810547916	0.018941473415067276	-0.19653888925838234	-0.04446951768575624	0.03197985494742313	-0.2532770821951931	-0.09649252101910416	-0.006237695651166544	-0.24008479991989093	0.24643648994288075	0.12226489096981119	0.09017581082483388	0.04691071989174528	0.15587806945328586
ash_stuff_activity	-0.027521532719416084	0.05293097353260421	0.03554176118465998	0.10227329026036401	0.020879915142901714	-0.0030602061533596156	0.22429259580683786	1.0	0.0	-0.13938530462494148	0.0	-0.15018207861647573	0.0	-0.058307020129706684	0.0	-0.11915864618843426	0.0	0.0	-0.07921051985560154	-0.05830702012970664	0.13050003977016278	-0.16122870389670751	-0.1342139388030059	-0.05830702012970671	0.0	0.0	-0.14813363449166958	0.10580973892262115	0.0	0.0	0.0	0.0	-0.058307020129706504	-0.05830702012970671	-0.12407291674636636	0.0	-0.13718538627156068	-0.05830702012970652	0.0	-0.058307020129706594	-0.08304547985373995	0.0	0.0	-0.10244389988519637	0.0038346839658001067	0.0038346839658001224	0.13050003977016267	-0.013547548838166749	0.0	-0.042774962258310144	-0.0399923222111325	0.0	0.0	0.24155765482307065	0.24155765482307068	0.0032458605128950703	-0.20494299028216903	0.07372322918285043	0.20223663569874542	-0.20319956408249604	0.016028710859609902	-0.07079983188087363	-0.09230218139970081	-0.23228794250416424	0.031775978454608146	-0.12384538929059039	0.08372046314927054	0.24196109940724853	-0.18645231248778021	0.16049129234773699	-0.05470136322576727
getting_ready_activity	0.0	0.0	0.0	0.0	0.0	0.0	0.0	0.0	0.0	0.0	0.0	0.0	0.0	0.0	0.0	0.0	0.0	0.0	0.0	0.0	0.0	0.0	0.0	0.0	0.0	0.0	0.0	0.0	0.0	0.0	0.0	0.0	0.0	0.0	0.0	0.0	0.0	0.0	0.0	0.0	0.0	0.0	0.0	0.0	0.0	0.0	0.0	0.0	0.0	0.0	0.0	0.0	0.0	0.0	0.0	0.0	0.0	0.0	0.0	0.0	0.0	0.0	0.0	0.0	0.0	0.0	0.0	0.0	0.0	0.0	0.0
errands_activity	0.03195817721904718	-0.1547203898344173	0.24415533430908476	0.09771424421203315	-0.10798385623941029	-0.059600356157006706	-0.16756522922195946	-0.13938530462494148	0.0	1.0	0.0	-0.12737862568335429	0.0	-0.05570786262694565	0.0	-0.11384690004585063	0.0	0.0	-0.15188831775961334	-0.05570786262694565	-0.07934355371256394	-0.03216253120991388	0.013809500004468823	-0.05570786262694566	0.0	0.0	-0.010886943659923815	-0.14153026757900997	0.0	0.0	0.0	0.0	-0.05570786262694564	-0.05570786262694566	-0.25532146059408306	0.0	-0.26650410683155507	-0.05570786262694564	0.0	-0.05570786262694563	0.3600976668493287	0.0	0.0	-0.09787724855562444	-0.1282310714700685	-0.1282310714700684	-0.07934355371256398	-0.19933203264572774	0.0	0.08971653442765404	0.22631828577073476	0.0	0.0	-0.05570786262694566	-0.05570786262694566	-0.0635010890172959	0.01304343735548475	-0.05387616761329236	0.20745376535011847	0.15610456898063227	0.026336033821307232	0.08595012526088275	0.17990616547880314	-0.012005944266178485	-0.19843535298309484	-0.15100225768516026	0.20716592798130054	-0.05466083577931264	0.18470680331692194	-0.3572619789207316	-0.08701672953488188
with_kevin_activity	0.0	0.0	0.0	0.0	0.0	0.0	0.0	0.0	0.0	0.0	0.0	0.0	0.0	0.0	0.0	0.0	0.0	0.0	0.0	0.0	0.0	0.0	0.0	0.0	0.0	0.0	0.0	0.0	0.0	0.0	0.0	0.0	0.0	0.0	0.0	0.0	0.0	0.0	0.0	0.0	0.0	0.0	0.0	0.0	0.0	0.0	0.0	0.0	0.0	0.0	0.0	0.0	0.0	0.0	0.0	0.0	0.0	0.0	0.0	0.0	0.0	0.0	0.0	0.0	0.0	0.0	0.0	0.0	0.0	0.0	0.0
leisure_activity	-0.15873879587890113	-0.31917252681128716	0.26701406961152324	-0.4155730730484142	-0.0751563439968141	0.04718852086712215	0.0787454740230227	-0.15018207861647573	0.0	-0.12737862568335429	0.0	1.0	0.0	0.15785671740094676	0.0	-0.1823405655399595	0.0	0.0	0.6823393910177047	0.15785671740094673	-0.12707898458431807	-0.0515124621544407	0.022117704036076623	-0.08922336200923076	0.0	0.0	0.08718425636326936	-0.22667906654450046	0.0	0.0	0.0	0.0	-0.08922336200923076	-0.08922336200923076	-0.40893041005476516	0.0	-0.4268408673298669	-0.08922336200923076	0.0	-0.08922336200923076	-0.12707898458431827	0.0	0.0	-0.012058699917939742	-0.20537868033499812	-0.0916304881494607	-0.1270789845843182	-0.1585117623291232	0.0	-0.05151246215444079	0.3031634739016097	0.0	0.0	-0.08922336200923077	-0.08922336200923077	0.009390861872557417	-0.284147735823309	0.005349542850155547	-0.18191020851165307	0.09551739394249692	0.01672945350663142	0.01974821276383386	0.04630441870271951	0.09354043400104048	0.3090542863754822	0.2607516146757376	-0.11151213929633216	-0.08967790522993782	0.027660783292337385	-0.4118704452389359	-0.016605616868337395
schoolworrk_activity	0.0	0.0	0.0	0.0	0.0	0.0	0.0	0.0	0.0	0.0	0.0	0.0	0.0	0.0	0.0	0.0	0.0	0.0	0.0	0.0	0.0	0.0	0.0	0.0	0.0	0.0	0.0	0.0	0.0	0.0	0.0	0.0	0.0	0.0	0.0	0.0	0.0	0.0	0.0	0.0	0.0	0.0	0.0	0.0	0.0	0.0	0.0	0.0	0.0	0.0	0.0	0.0	0.0	0.0	0.0	0.0	0.0	0.0	0.0	0.0	0.0	0.0	0.0	0.0	0.0	0.0	0.0	0.0	0.0	0.0	0.0
witith_friends_activity	0.08908369447123678	0.0284776459030844	-0.17322275745038232	-0.11759530565654372	0.024156684393104685	0.025872567758823992	-0.11542609036637617	-0.058307020129706684	0.0	-0.05570786262694565	0.0	0.15785671740094676	0.0	1.0	0.0	-0.02878368312517017	0.0	0.0	-0.06088061449793077	-0.014084507042253492	-0.020060271357125955	-0.03894602760345191	-0.03242040430182118	-0.014084507042253495	0.0	0.0	-0.035782813348225626	-0.03578281334822561	0.0	0.0	0.0	0.0	-0.014084507042253476	-0.014084507042253495	0.16783627165933782	0.0	0.16272330269336532	-0.014084507042253476	0.0	-0.014084507042253497	-0.02006027135712598	0.0	0.0	-0.02474610820719748	-0.03242040430182122	-0.032420404301821144	-0.020060271357125965	0.2794727063560077	0.0	-0.03894602760345191	-0.14877095408944618	0.0	0.0	-0.014084507042253492	-0.014084507042253492	0.12937671228201297	-0.07229561894363658	0.10752431918837423	-0.0287157483773713	0.090504100889785	-0.03235431582992044	-0.05519164505075648	0.372706894679945	-0.012404042339049563	0.06533642818788529	0.0440612248847058	-0.16920820165495393	-0.014048070975650119	-0.06808712424077851	0.07168275557191484	0.12292062950821038
studying_activity	0.0	0.0	0.0	0.0	0.0	0.0	0.0	0.0	0.0	0.0	0.0	0.0	0.0	0.0	0.0	0.0	0.0	0.0	0.0	0.0	0.0	0.0	0.0	0.0	0.0	0.0	0.0	0.0	0.0	0.0	0.0	0.0	0.0	0.0	0.0	0.0	0.0	0.0	0.0	0.0	0.0	0.0	0.0	0.0	0.0	0.0	0.0	0.0	0.0	0.0	0.0	0.0	0.0	0.0	0.0	0.0	0.0	0.0	0.0	0.0	0.0	0.0	0.0	0.0	0.0	0.0	0.0	0.0	0.0	0.0	0.0
chatting_activity	0.08423446552310893	0.28267648106885584	-0.09391975123591799	-0.20397132230040152	0.02658255533970441	-0.028703166040401445	0.006739701390665604	-0.11915864618843426	0.0	-0.11384690004585063	0.0	-0.1823405655399595	0.0	-0.02878368312517017	0.0	1.0	0.0	0.0	-0.12441815044835985	-0.02878368312517016	-0.0409960030845394	-0.07959171834405428	0.17226477772181684	-0.02878368312517019	0.0	0.0	0.1462544848254262	0.14625448482542605	0.0	0.0	0.0	0.0	-0.02878368312517007	-0.02878368312517019	-0.04287464628562735	0.0	-0.04952843963740571	-0.02878368312517007	0.0	-0.02878368312517011	-0.040996003084539365	0.0	0.0	-0.05057217374241731	0.17226477772181698	-0.0662556837391603	-0.040996003084539365	0.06554088769634221	0.0	-0.07959171834405429	-0.05527899928227822	0.0	0.0	-0.02878368312517018	-0.02878368312517018	0.011165281433004342	0.17606398814296909	0.06516433392532874	-0.05868469514174269	0.01083687045312207	0.1543040554837892	0.028946908491552042	0.22739698392294724	0.04087816604791653	0.07060224118808814	0.015748016254657184	-0.06455416983879209	-0.02872369650619814	-0.039195648720687856	0.07528682185651804	-0.017410296032747123
workshop_activity	0.0	0.0	0.0	0.0	0.0	0.0	0.0	0.0	0.0	0.0	0.0	0.0	0.0	0.0	0.0	0.0	0.0	0.0	0.0	0.0	0.0	0.0	0.0	0.0	0.0	0.0	0.0	0.0	0.0	0.0	0.0	0.0	0.0	0.0	0.0	0.0	0.0	0.0	0.0	0.0	0.0	0.0	0.0	0.0	0.0	0.0	0.0	0.0	0.0	0.0	0.0	0.0	0.0	0.0	0.0	0.0	0.0	0.0	0.0	0.0	0.0	0.0	0.0	0.0	0.0	0.0	0.0	0.0	0.0	0.0	0.0
in_class_activity	0.0	0.0	0.0	0.0	0.0	0.0	0.0	0.0	0.0	0.0	0.0	0.0	0.0	0.0	0.0	0.0	0.0	0.0	0.0	0.0	0.0	0.0	0.0	0.0	0.0	0.0	0.0	0.0	0.0	0.0	0.0	0.0	0.0	0.0	0.0	0.0	0.0	0.0	0.0	0.0	0.0	0.0	0.0	0.0	0.0	0.0	0.0	0.0	0.0	0.0	0.0	0.0	0.0	0.0	0.0	0.0	0.0	0.0	0.0	0.0	0.0	0.0	0.0	0.0	0.0	0.0	0.0	0.0	0.0	0.0	0.0
tv_activity	-0.05632314132166443	-0.2989457220736216	0.35145852308331516	-0.26227009349955055	-0.13975926155928814	-0.04153863461040635	0.18531760113378798	-0.07921051985560154	0.0	-0.15188831775961334	0.0	0.6823393910177047	0.0	-0.06088061449793077	0.0	-0.12441815044835985	0.0	0.0	1.0	-0.060880614497930766	-0.08671099695241197	-0.16834512458535855	0.1289269265743782	-0.06088061449793078	0.0	0.0	-0.03093441124448716	-0.15467205622243607	0.0	0.0	0.0	0.0	-0.06088061449793075	-0.06088061449793078	-0.2901905000440044	0.0	-0.3023017336799281	-0.06088061449793075	0.0	-0.06088061449793076	-0.08671099695241202	0.0	0.0	0.06417938247608376	-0.14013796366780254	-0.005605518546712132	-0.086710996952412	-0.21784100240678841	0.0	-0.16834512458535855	0.3390711448723271	0.0	0.0	-0.06088061449793078	-0.06088061449793078	-0.11358892018791154	-0.31249952118257596	-0.0053256043363346635	-0.12412450089574495	-0.03013477037145928	-0.014408120837162917	0.1020294957673672	-0.06427111974124383	0.06754672401975305	0.1629225464603845	0.08564787349639745	0.059014206369473056	-0.06156510526403002	0.11274598813581108	-0.2868054762616223	0.038928932765574735
feedlyy_activity	-0.0066480369008385725	-0.04475058641913261	-0.17322275745038232	-0.25989550745941997	-0.06503722721220491	0.18554327164185205	-0.1154260903663762	-0.05830702012970664	0.0	-0.05570786262694565	0.0	0.15785671740094673	0.0	-0.014084507042253492	0.0	-0.02878368312517016	0.0	0.0	-0.060880614497930766	1.0	-0.020060271357125962	-0.03894602760345188	-0.032420404301821165	-0.0140845070422535	0.0	0.0	0.3936109468304821	-0.035782813348225605	0.0	0.0	0.0	0.0	-0.014084507042253468	-0.0140845070422535	-0.08391813582966884	0.0	-0.08655494824115174	-0.014084507042253468	0.0	-0.014084507042253488	-0.020060271357125965	0.0	0.0	-0.024746108207197467	-0.0324204043018212	-0.03242040430182114	-0.020060271357125948	-0.05039671753960797	0.0	0.361641684889196	-0.14877095408944618	0.0	0.0	-0.014084507042253497	-0.014084507042253497	0.11630692237746972	-0.07229561894363656	0.08660377245308265	-0.02871574837737129	0.10149373802770068	-0.032354315829920446	-0.055191645050756494	-0.07040566174271076	0.020072084865447273	0.06533874660316968	0.2199567389476279	-0.18296315495467594	-0.014056784207372316	-0.01996302502432029	-0.12014703312261585	0.12292062950821034
meditation_activity	-0.14581738124543753	0.40560120614389433	0.11580621191111098	-0.015482135397827378	0.09792438421731697	0.036849761826282336	0.17379321515137774	0.13050003977016278	0.0	-0.07934355371256394	0.0	-0.12707898458431807	0.0	-0.020060271357125955	0.0	-0.0409960030845394	0.0	0.0	-0.08671099695241197	-0.020060271357125962	1.0	-0.055470019622522904	-0.046175709653961006	0.7021094974994094	0.0	0.0	-0.050964719143762535	-0.05096471914376252	0.0	0.0	0.0	0.0	-0.020060271357125938	0.7021094974994094	0.05976143046671971	0.0	0.054242503999369196	-0.020060271357125938	0.0	-0.020060271357125965	-0.028571428571428588	0.0	0.0	-0.03524536884251209	0.6187545093630776	-0.04617570965396098	-0.028571428571428567	-0.07177899988406061	0.0	-0.05547001962252291	-0.21189138534559043	0.0	0.0	-0.020060271357125948	-0.020060271357125944	0.010487761461675463	0.07187193478677727	0.13270734912343385	-0.04089924503178434	0.0024427491009356922	-0.04608158121368761	-0.07860831572186913	-0.011921080505745614	0.026160835642247735	-0.031037618966351967	0.09154766362666089	-0.08218542451546447	-0.021234747495844464	-0.051295263105007385	0.11007604244652763	0.019067389546293192
with_k_activity	0.20851504679212732	-0.09481597892568033	-0.47899001881781383	0.1526311784261689	-0.07413765120538676	0.050517409000703895	-0.13157724574669388	-0.16122870389670751	0.0	-0.03216253120991388	0.0	-0.0515124621544407	0.0	-0.03894602760345191	0.0	-0.07959171834405428	0.0	0.0	-0.16834512458535855	-0.03894602760345188	-0.055470019622522904	1.0	0.09477059826179819	-0.038946027603451935	0.0	0.0	-0.09894548898363059	-0.09894548898363054	0.0	0.0	0.0	0.0	-0.038946027603451755	-0.038946027603451935	0.16574838603294897	0.0	0.15454459182628888	-0.03894602760345176	0.0	-0.03894602760345182	0.2298043670075952	0.0	0.0	0.1661802106102621	-0.0896478632206198	0.09477059826179805	-0.055470019622522855	-0.13935538862188676	0.0	0.6835164835164839	-0.31521069948856517	0.0	0.0	-0.038946027603451915	-0.038946027603451915	0.0695408736842965	0.3111858541592465	-0.04013826208646935	-0.07940386735608074	0.02785951459025116	-0.08946511749560469	-0.15261416854549442	-0.05465140648549497	-0.03518737226349329	-0.23052906356931954	0.03230168776170078	-0.18019830969608436	-0.038789244291438894	0.19859009312163092	0.1596896365695983	0.18413046585657025
eating_activity	0.24912917917893965	0.031839170001334675	-0.1643754717501787	0.056866933212201404	-0.02651932328661079	-0.11196290481134827	0.17156202185791325	-0.1342139388030059	0.0	0.013809500004468823	0.0	0.022117704036076623	0.0	-0.03242040430182118	0.0	0.17226477772181684	0.0	0.0	0.1289269265743782	-0.032420404301821165	-0.046175709653961006	0.09477059826179819	1.0	-0.03242040430182118	0.0	0.0	-0.08236662258223165	0.11531327161512434	0.0	0.0	0.0	0.0	-0.03242040430182121	-0.03242040430182118	0.03863337046431279	0.0	0.03028393212472415	-0.03242040430182121	0.0	-0.032420404301821186	-0.04617570965396104	0.0	0.0	-0.05696179714115104	0.14029850746268663	-0.0746268656716417	-0.04617570965396103	0.035856282244533834	0.0	0.09477059826179818	-0.11830029697180386	0.0	0.0	-0.032420404301821186	-0.03242040430182118	0.05862579285623582	-0.022592739792776147	-0.01129470216768298	-0.06609930822788584	0.06426698464902356	-0.07447474000815324	-0.12704281671059756	0.07457172959439005	0.04621995449543708	-0.018218361451143673	-0.024820459884603574	-0.014692549712630983	-0.032335426760305076	0.059859754502661955	0.13462185249714295	0.03081575852420119
working_out_activity	-0.19811149964498934	0.10170587822530142	0.08130864125222026	-0.04644520475510549	0.11335059599841432	0.025872567758824003	0.12202186695874055	-0.05830702012970671	0.0	-0.05570786262694566	0.0	-0.08922336200923076	0.0	-0.014084507042253495	0.0	-0.02878368312517019	0.0	0.0	-0.06088061449793078	-0.0140845070422535	0.7021094974994094	-0.038946027603451935	-0.03242040430182118	1.0	0.0	0.0	-0.03578281334822563	-0.03578281334822563	0.0	0.0	0.0	0.0	-0.014084507042253487	1.0	0.16783627165933787	0.0	0.16272330269336538	-0.014084507042253487	0.0	-0.014084507042253508	-0.020060271357125993	0.0	0.0	-0.0247461082071975	0.434433417644404	-0.032420404301821165	-0.02006027135712598	-0.05039671753960794	0.0	-0.038946027603451935	-0.1487709540894462	0.0	0.0	-0.014084507042253494	-0.014084507042253494	-0.10787723798580044	0.17321955497854566	0.09993459585433176	-0.02871574837737132	-0.12592257929768522	-0.03235431582992043	-0.05519164505075646	-0.07040566174271085	0.017011904516785022	-0.10892236071525672	-0.09286831859007502	0.07068758740586507	-0.015782402154791233	0.07620795540303363	0.10911658613908233	0.013387395292973406
reading_activity	0.0	0.0	0.0	0.0	0.0	0.0	0.0	0.0	0.0	0.0	0.0	0.0	0.0	0.0	0.0	0.0	0.0	0.0	0.0	0.0	0.0	0.0	0.0	0.0	0.0	0.0	0.0	0.0	0.0	0.0	0.0	0.0	0.0	0.0	0.0	0.0	0.0	0.0	0.0	0.0	0.0	0.0	0.0	0.0	0.0	0.0	0.0	0.0	0.0	0.0	0.0	0.0	0.0	0.0	0.0	0.0	0.0	0.0	0.0	0.0	0.0	0.0	0.0	0.0	0.0	0.0	0.0	0.0	0.0	0.0	0.0
cooking_activity	0.0	0.0	0.0	0.0	0.0	0.0	0.0	0.0	0.0	0.0	0.0	0.0	0.0	0.0	0.0	0.0	0.0	0.0	0.0	0.0	0.0	0.0	0.0	0.0	0.0	0.0	0.0	0.0	0.0	0.0	0.0	0.0	0.0	0.0	0.0	0.0	0.0	0.0	0.0	0.0	0.0	0.0	0.0	0.0	0.0	0.0	0.0	0.0	0.0	0.0	0.0	0.0	0.0	0.0	0.0	0.0	0.0	0.0	0.0	0.0	0.0	0.0	0.0	0.0	0.0	0.0	0.0	0.0	0.0	0.0	0.0
feedly_activity	-0.21956828286110155	-0.051678378888737206	0.09879486782973203	-0.44939567314402634	0.004720921780098647	0.2685593999647159	-0.09216403037090165	-0.14813363449166958	0.0	-0.010886943659923815	0.0	0.08718425636326936	0.0	-0.035782813348225626	0.0	0.1462544848254262	0.0	0.0	-0.03093441124448716	0.3936109468304821	-0.050964719143762535	-0.09894548898363059	-0.08236662258223165	-0.03578281334822563	0.0	0.0	1.0	-0.09090909090909077	0.0	0.0	0.0	0.0	-0.0357828133482255	-0.03578281334822563	-0.21320071635561044	0.0	-0.2198997485667711	-0.03578281334822551	0.0	-0.03578281334822555	-0.05096471914376253	0.0	0.0	-0.06286946134619315	-0.08236662258223165	-0.08236662258223161	-0.050964719143762494	0.0116397163575361	0.0	0.07067534927402186	0.03436040663720249	0.0	0.0	-0.03578281334822563	-0.03578281334822563	0.04449778436995519	-0.06430557698255394	0.14182822153132313	-0.07295464876828842	0.1672028804364559	-0.08219871954896252	-0.022749105817090942	0.24891866063901527	0.036643403513664505	-0.031227980106287922	-0.04549979761879123	-0.026124471586591518	-0.03564618567410315	0.04455621466428662	-0.28063794106700346	0.2195303563893993
with_friends_activity	0.5911453769337347	0.35141297644341346	-0.4400862294233511	0.36403560115018896	-0.12746488806266404	-0.3399248349203746	-0.0921640303709014	0.10580973892262115	0.0	-0.14153026757900997	0.0	-0.22667906654450046	0.0	-0.03578281334822561	0.0	0.14625448482542605	0.0	0.0	-0.15467205622243607	-0.035782813348225605	-0.05096471914376252	-0.09894548898363054	0.11531327161512434	-0.03578281334822563	0.0	0.0	-0.09090909090909077	1.0	0.0	0.0	0.0	0.0	-0.03578281334822548	-0.03578281334822563	0.21320071635561022	0.0	0.20230776868142888	-0.03578281334822548	0.0	-0.03578281334822554	-0.050964719143762514	0.0	0.0	-0.06286946134619313	-0.08236662258223162	-0.08236662258223157	-0.05096471914376248	0.5703461015192631	0.0	-0.09894548898363055	-0.3779644730092268	0.0	0.0	0.39361094683048187	-0.035782813348225626	0.09911588734330498	-0.18367278533737572	0.2547867273349868	-0.07295464876828842	0.18099324881937548	-0.08219871954896252	-0.007684879714115353	-0.15635594261244662	-0.3689625781893246	0.16472424054114643	0.24603327537654557	-0.2597648720197929	0.3936762033966577	-0.28446536670531875	0.04876073072881479	-0.10512721291886723
therapy_activity	0.0	0.0	0.0	0.0	0.0	0.0	0.0	0.0	0.0	0.0	0.0	0.0	0.0	0.0	0.0	0.0	0.0	0.0	0.0	0.0	0.0	0.0	0.0	0.0	0.0	0.0	0.0	0.0	0.0	0.0	0.0	0.0	0.0	0.0	0.0	0.0	0.0	0.0	0.0	0.0	0.0	0.0	0.0	0.0	0.0	0.0	0.0	0.0	0.0	0.0	0.0	0.0	0.0	0.0	0.0	0.0	0.0	0.0	0.0	0.0	0.0	0.0	0.0	0.0	0.0	0.0	0.0	0.0	0.0	0.0	0.0
commuting_activity	0.0	0.0	0.0	0.0	0.0	0.0	0.0	0.0	0.0	0.0	0.0	0.0	0.0	0.0	0.0	0.0	0.0	0.0	0.0	0.0	0.0	0.0	0.0	0.0	0.0	0.0	0.0	0.0	0.0	0.0	0.0	0.0	0.0	0.0	0.0	0.0	0.0	0.0	0.0	0.0	0.0	0.0	0.0	0.0	0.0	0.0	0.0	0.0	0.0	0.0	0.0	0.0	0.0	0.0	0.0	0.0	0.0	0.0	0.0	0.0	0.0	0.0	0.0	0.0	0.0	0.0	0.0	0.0	0.0	0.0	0.0
school_work_activity	0.0	0.0	0.0	0.0	0.0	0.0	0.0	0.0	0.0	0.0	0.0	0.0	0.0	0.0	0.0	0.0	0.0	0.0	0.0	0.0	0.0	0.0	0.0	0.0	0.0	0.0	0.0	0.0	0.0	0.0	0.0	0.0	0.0	0.0	0.0	0.0	0.0	0.0	0.0	0.0	0.0	0.0	0.0	0.0	0.0	0.0	0.0	0.0	0.0	0.0	0.0	0.0	0.0	0.0	0.0	0.0	0.0	0.0	0.0	0.0	0.0	0.0	0.0	0.0	0.0	0.0	0.0	0.0	0.0	0.0	0.0
with_parents_activity	0.0	0.0	0.0	0.0	0.0	0.0	0.0	0.0	0.0	0.0	0.0	0.0	0.0	0.0	0.0	0.0	0.0	0.0	0.0	0.0	0.0	0.0	0.0	0.0	0.0	0.0	0.0	0.0	0.0	0.0	0.0	0.0	0.0	0.0	0.0	0.0	0.0	0.0	0.0	0.0	0.0	0.0	0.0	0.0	0.0	0.0	0.0	0.0	0.0	0.0	0.0	0.0	0.0	0.0	0.0	0.0	0.0	0.0	0.0	0.0	0.0	0.0	0.0	0.0	0.0	0.0	0.0	0.0	0.0	0.0	0.0
trying_to_leave_apt_activity	-0.10237976827291365	-0.04475058641913256	0.08130864125222023	0.024704896146332683	0.02415668439310467	0.0790961357198333	0.12202186695874052	-0.058307020129706504	0.0	-0.05570786262694564	0.0	-0.08922336200923076	0.0	-0.014084507042253476	0.0	-0.02878368312517007	0.0	0.0	-0.06088061449793075	-0.014084507042253468	-0.020060271357125938	-0.038946027603451755	-0.03242040430182121	-0.014084507042253487	0.0	0.0	-0.0357828133482255	-0.03578281334822548	0.0	0.0	0.0	0.0	1.0	-0.014084507042253487	-0.08391813582966856	0.0	-0.08655494824115162	-0.014084507042253435	0.0	-0.014084507042253443	-0.0200602713571259	0.0	0.0	-0.02474610820719742	-0.03242040430182118	-0.032420404301821124	-0.020060271357125913	-0.050396717539607984	0.0	-0.0389460276034518	0.09467242532964715	0.0	0.0	-0.014084507042253482	-0.014084507042253482	0.12647158853944387	-0.0722956189436365	0.0858694093056008	-0.028715748377371206	0.11313033677689473	-0.03235431582992048	-0.05519164505075652	0.10683936082635154	0.017962980740419836	0.06526455731406934	-0.09286831859007498	0.0064437589476594075	-0.013913363321255997	-0.0174009530710213	-0.04959293921919961	-0.052332545236168704
working_activity	-0.19811149964498934	0.10170587822530142	0.08130864125222026	-0.04644520475510549	0.11335059599841432	0.025872567758824003	0.12202186695874055	-0.05830702012970671	0.0	-0.05570786262694566	0.0	-0.08922336200923076	0.0	-0.014084507042253495	0.0	-0.02878368312517019	0.0	0.0	-0.06088061449793078	-0.0140845070422535	0.7021094974994094	-0.038946027603451935	-0.03242040430182118	1.0	0.0	0.0	-0.03578281334822563	-0.03578281334822563	0.0	0.0	0.0	0.0	-0.014084507042253487	1.0	0.16783627165933787	0.0	0.16272330269336538	-0.014084507042253487	0.0	-0.014084507042253508	-0.020060271357125993	0.0	0.0	-0.0247461082071975	0.434433417644404	-0.032420404301821165	-0.02006027135712598	-0.05039671753960794	0.0	-0.038946027603451935	-0.1487709540894462	0.0	0.0	-0.014084507042253494	-0.014084507042253494	-0.10787723798580044	0.17321955497854566	0.09993459585433176	-0.02871574837737132	-0.12592257929768522	-0.03235431582992043	-0.05519164505075646	-0.07040566174271085	0.017011904516785022	-0.10892236071525672	-0.09286831859007502	0.07068758740586507	-0.015782402154791233	0.07620795540303363	0.10911658613908233	0.013387395292973406
schoolwork_activity	0.17428510580276746	0.33329048882505724	-0.4633890050582486	0.42981350833217247	0.2878601169374905	-0.14974922457856557	-0.03929887459459307	-0.12407291674636636	0.0	-0.25532146059408306	0.0	-0.40893041005476516	0.0	0.16783627165933782	0.0	-0.04287464628562735	0.0	0.0	-0.2901905000440044	-0.08391813582966884	0.05976143046671971	0.16574838603294897	0.03863337046431279	0.16783627165933787	0.0	0.0	-0.21320071635561044	0.21320071635561022	0.0	0.0	0.0	0.0	-0.08391813582966856	0.16783627165933787	1.0	0.0	0.9695359714832658	0.16783627165933773	0.0	-0.08391813582966869	-0.11952286093343938	0.0	0.0	0.2948839123097944	0.2704335932501896	0.3863337046431281	0.23904572186687886	0.2729755452163064	0.0	0.16574838603294897	-0.5842216489184014	0.0	0.0	0.16783627165933784	-0.08391813582966892	0.09869030639980736	0.155406613181596	-0.0650710188152118	-0.03860832637131238	-0.06039419660931174	0.15966271521734682	-0.08171695616284497	-0.08067118151086163	-0.15324747825529278	-0.21199422743095409	-0.09455774219635092	-0.09267970902747891	0.16739973002898603	-0.03614852843640487	0.5146157910787669	0.06888762050704712
shopping_activity	0.0	0.0	0.0	0.0	0.0	0.0	0.0	0.0	0.0	0.0	0.0	0.0	0.0	0.0	0.0	0.0	0.0	0.0	0.0	0.0	0.0	0.0	0.0	0.0	0.0	0.0	0.0	0.0	0.0	0.0	0.0	0.0	0.0	0.0	0.0	0.0	0.0	0.0	0.0	0.0	0.0	0.0	0.0	0.0	0.0	0.0	0.0	0.0	0.0	0.0	0.0	0.0	0.0	0.0	0.0	0.0	0.0	0.0	0.0	0.0	0.0	0.0	0.0	0.0	0.0	0.0	0.0	0.0	0.0	0.0	0.0
work_activity	0.17093671239898356	0.30101128813496114	-0.43884432522799893	0.4316588931065066	0.26904164444578826	-0.168082872885916	-0.0672859323901323	-0.13718538627156068	0.0	-0.26650410683155507	0.0	-0.4268408673298669	0.0	0.16272330269336532	0.0	-0.04952843963740571	0.0	0.0	-0.3023017336799281	-0.08655494824115174	0.054242503999369196	0.15454459182628888	0.03028393212472415	0.16272330269336538	0.0	0.0	-0.2198997485667711	0.20230776868142888	0.0	0.0	0.0	0.0	-0.08655494824115162	0.16272330269336538	0.9695359714832658	0.0	1.0	0.16272330269336474	0.0	-0.08655494824115167	-0.12327841818038449	0.0	0.0	0.2859005603960625	0.2598042598068442	0.3745644236479039	0.23176342617912268	0.2579023437733813	0.0	0.15454459182628885	-0.5552034744471006	0.0	0.0	0.16272330269336535	-0.08655494824115179	0.07120167081699282	0.1361066716405662	-0.09840984531171279	-0.04528738210299708	-0.09075397465938187	0.1501391258271329	-0.09448021292054126	-0.06232883613689832	-0.14679310089942482	-0.19582870141382888	-0.11645623325260594	-0.07251935139546356	0.16229685647110856	-0.044135057711986746	0.5312701281286316	0.09304092769642688
email_activity	0.08908369447123676	0.17493411054751856	-0.17322275745038204	0.09585499704777076	0.7377079772355802	-0.13379813612420402	-0.11542609036637623	-0.05830702012970652	0.0	-0.05570786262694564	0.0	-0.08922336200923076	0.0	-0.014084507042253476	0.0	-0.02878368312517007	0.0	0.0	-0.06088061449793075	-0.014084507042253468	-0.020060271357125938	-0.03894602760345176	-0.03242040430182121	-0.014084507042253487	0.0	0.0	-0.03578281334822551	-0.03578281334822548	0.0	0.0	0.0	0.0	-0.014084507042253435	-0.014084507042253487	0.16783627165933773	0.0	0.16272330269336474	1.0	0.0	-0.014084507042253443	-0.0200602713571259	0.0	0.0	-0.02474610820719742	-0.03242040430182118	-0.032420404301821124	-0.020060271357125913	0.2794727063560077	0.0	-0.03894602760345181	-0.14877095408944588	0.0	0.0	-0.014084507042253482	-0.014084507042253482	0.12606362977941765	-0.0722956189436365	0.09377330078425059	-0.028715748377371206	-0.12592257929768516	0.44868039157824674	-0.05519164505075652	-0.07040566174271064	0.02012323485398397	0.06533874660316963	0.20247542890024986	-0.17703639532523557	-0.014029338523828542	-0.18770153305207596	-0.010820415373471315	-0.052332545236168704
chattingg_activity	0.0	0.0	0.0	0.0	0.0	0.0	0.0	0.0	0.0	0.0	0.0	0.0	0.0	0.0	0.0	0.0	0.0	0.0	0.0	0.0	0.0	0.0	0.0	0.0	0.0	0.0	0.0	0.0	0.0	0.0	0.0	0.0	0.0	0.0	0.0	0.0	0.0	0.0	0.0	0.0	0.0	0.0	0.0	0.0	0.0	0.0	0.0	0.0	0.0	0.0	0.0	0.0	0.0	0.0	0.0	0.0	0.0	0.0	0.0	0.0	0.0	0.0	0.0	0.0	0.0	0.0	0.0	0.0	0.0	0.0	0.0
washing_up_activity	-0.19811149964498945	-0.11797881874134951	0.0813086412522202	-0.2598955074594197	-0.06503722721220492	0.18554327164185194	-0.11542609036637623	-0.058307020129706594	0.0	-0.05570786262694563	0.0	-0.08922336200923076	0.0	-0.014084507042253497	0.0	-0.02878368312517011	0.0	0.0	-0.06088061449793076	-0.014084507042253488	-0.020060271357125965	-0.03894602760345182	-0.032420404301821186	-0.014084507042253508	0.0	0.0	-0.03578281334822555	-0.03578281334822554	0.0	0.0	0.0	0.0	-0.014084507042253443	-0.014084507042253508	-0.08391813582966869	0.0	-0.08655494824115167	-0.014084507042253443	0.0	1.0	-0.02006027135712593	0.0	0.0	-0.02474610820719744	-0.03242040430182116	-0.0324204043018211	-0.02006027135712594	-0.05039671753960796	0.0	-0.038946027603451866	0.09467242532964731	0.0	0.0	-0.014084507042253502	-0.014084507042253502	0.10669436857140668	0.12287397458451514	0.0993250392300501	0.4313769784110131	0.0678940840959939	-0.03235431582992046	-0.05519164505075651	-0.05268115948580463	0.019919614784674983	0.06520149641833416	0.02131061994065262	0.11664811843154971	-0.014003988156955416	0.01601222581375071	0.06270855248230253	0.03529404213602074
resting_activity	0.05870569894296837	0.04056012061438946	-0.06545568499323673	0.035186671358698594	-0.06087191451346733	0.07475237399045848	-0.16439898730535749	-0.08304547985373995	0.0	0.3600976668493287	0.0	-0.12707898458431827	0.0	-0.02006027135712598	0.0	-0.040996003084539365	0.0	0.0	-0.08671099695241202	-0.020060271357125965	-0.028571428571428588	0.2298043670075952	-0.04617570965396104	-0.020060271357125993	0.0	0.0	-0.05096471914376253	-0.050964719143762514	0.0	0.0	0.0	0.0	-0.0200602713571259	-0.020060271357125993	-0.11952286093343938	0.0	-0.12327841818038449	-0.0200602713571259	0.0	-0.02006027135712593	1.0	0.0	0.0	-0.03524536884251204	-0.04617570965396103	-0.04617570965396094	-0.028571428571428553	-0.07177899988406071	0.0	0.22980436700759516	-0.03852570642647095	0.0	0.0	-0.020060271357125986	-0.020060271357125986	0.19679714471399273	0.08696240989568721	-0.04322118438837605	0.33047827999438817	0.1742795909157976	-0.046081581213687675	-0.0786083157218692	0.025945881100740427	-0.1315630402075248	-0.1612514924430245	0.04009490078955644	-0.16529159606506272	-0.019743974655106217	0.08546815412903326	-0.07522433398545264	0.03466798099326032
just_woke_up_activity	0.0	0.0	0.0	0.0	0.0	0.0	0.0	0.0	0.0	0.0	0.0	0.0	0.0	0.0	0.0	0.0	0.0	0.0	0.0	0.0	0.0	0.0	0.0	0.0	0.0	0.0	0.0	0.0	0.0	0.0	0.0	0.0	0.0	0.0	0.0	0.0	0.0	0.0	0.0	0.0	0.0	0.0	0.0	0.0	0.0	0.0	0.0	0.0	0.0	0.0	0.0	0.0	0.0	0.0	0.0	0.0	0.0	0.0	0.0	0.0	0.0	0.0	0.0	0.0	0.0	0.0	0.0	0.0	0.0	0.0	0.0
errandss_activity	0.0	0.0	0.0	0.0	0.0	0.0	0.0	0.0	0.0	0.0	0.0	0.0	0.0	0.0	0.0	0.0	0.0	0.0	0.0	0.0	0.0	0.0	0.0	0.0	0.0	0.0	0.0	0.0	0.0	0.0	0.0	0.0	0.0	0.0	0.0	0.0	0.0	0.0	0.0	0.0	0.0	0.0	0.0	0.0	0.0	0.0	0.0	0.0	0.0	0.0	0.0	0.0	0.0	0.0	0.0	0.0	0.0	0.0	0.0	0.0	0.0	0.0	0.0	0.0	0.0	0.0	0.0	0.0	0.0	0.0	0.0
mountain_view_location	0.10045166253759988	-0.1215122949648293	-0.006211180124223559	0.16841470716927623	0.016324099515477277	-0.04805498755106352	0.07532593828386612	-0.10244389988519637	0.0	-0.09787724855562444	0.0	-0.012058699917939742	0.0	-0.02474610820719748	0.0	-0.05057217374241731	0.0	0.0	0.06417938247608376	-0.024746108207197467	-0.03524536884251209	0.1661802106102621	-0.05696179714115104	-0.0247461082071975	0.0	0.0	-0.06286946134619315	-0.06286946134619313	0.0	0.0	0.0	0.0	-0.02474610820719742	-0.0247461082071975	0.2948839123097944	0.0	0.2859005603960625	-0.02474610820719742	0.0	-0.02474610820719744	-0.03524536884251204	0.0	0.0	1.0	-0.05696179714115104	0.7632880816914236	-0.03524536884251203	-0.08854570641211208	0.0	-0.06842714554540202	-0.2613866510869668	0.0	0.0	-0.024746108207197495	-0.024746108207197495	0.10095689352891422	0.1928055916437698	-0.0024583083471441947	-0.05045281417839306	-0.2212426578851248	-0.05684568143529075	0.10703729327868705	-0.11332040012761835	0.034568634406566906	-0.06645784307532272	-0.16316719172038452	0.025929507045203234	-0.025697729019102118	0.03173575103746548	0.2387269097464696	-0.014968100769875066
parents_home_location	-0.19159074467569565	0.36895979354487807	-0.1643754717501787	-0.0741544809087106	0.21985374466641863	0.10855977700553222	0.06224816722278266	0.0038346839658001067	0.0	-0.1282310714700685	0.0	-0.20537868033499812	0.0	-0.03242040430182122	0.0	0.17226477772181698	0.0	0.0	-0.14013796366780254	-0.0324204043018212	0.6187545093630776	-0.0896478632206198	0.14029850746268663	0.434433417644404	0.0	0.0	-0.08236662258223165	-0.08236662258223162	0.0	0.0	0.0	0.0	-0.03242040430182118	0.434433417644404	0.2704335932501896	0.0	0.2598042598068442	-0.03242040430182118	0.0	-0.03242040430182116	-0.04617570965396103	0.0	0.0	-0.05696179714115104	1.0	-0.07462686567164169	-0.04617570965396104	-0.11600561902643287	0.0	-0.08964786322061982	-0.3424482280762743	0.0	0.0	-0.032420404301821235	-0.032420404301821235	-0.0374334920021446	-0.05338581982241506	-0.005434613546335085	-0.06609930822788582	0.07156645326410244	0.12414493351570084	-0.12704281671059736	-0.10494440973313879	0.044544444225281525	-0.18286573486593827	-0.0690793946614517	0.04149203938222992	-0.03393267814445038	0.01353020682188867	0.20113593992757411	-0.16080223084446812
