	time	mood	social	alone	morale	stress	fatigue	compulsions	email_activity	just_woke_up_activity	getting_ready_activity	errands_activity	resting_activity	with_parents_activity	reading_activity	with_friends_activity	therapy_activity	commuting_activity	meditation_activity	schoolwork_activity	washing_up_activity	with_k_activity	eating_activity	trying_to_leave_apt_activity	work_activity	tv_activity	working_out_activity	feedly_activity	leisure_activity	cooking_activity	ash_stuff_activity	chatting_activity	in_class_activity	workshop_activity	shopping_activity	studying_activity	working_activity	friend_home_location	library_location	la_location	therapy_location	parents_home_location	airport_location	vacation_location	home_location	cafe_location	mountain_view_location	k_home_location	school_location	Sadness_score	Analytical_score	Joy_score	Fear_score	Tentative_score	Anger_score	Confident_score	word_count	uniqueword_count	uniqueword_ratio	char_count	backspace_count	avg_dwelltime	avg_flighttime	avg_attention	avg_engagement	avg_valence	blinks	productivity_score	current_tabCount	current_windowCount	tabs_activated	tabs_created	windows_created	phone_unlocks	phone_use_secs
time	1.0	0.03723751349580204	0.267556997119106	-0.4823256143564615	-0.09369395053943723	0.2537524368185395	0.30452554142701427	0.14850715233401185	0.03591229058478201	0.0	0.0	-0.0373787303343193	-0.06363379858052634	0.0	0.0	0.31493560703369683	0.06313593124365505	0.0	0.10884434768459314	0.2476999091855812	-0.13015908163623838	0.05120545930621682	-0.09232222305783748	0.0	0.23071550622003403	-0.037465831553135966	0.0024392711191652257	-0.028867577170015018	-0.021569695923779428	0.0	-0.08832612461594098	0.059190251674351	0.031866405053852784	0.0	-0.06010346121074293	-0.05186235962961065	-0.021459120558145233	0.40031179545839146	0.0	-0.16669074476294882	0.0	0.33993679593655685	0.058085885695532954	-0.3603841961718713	-0.41937409040369916	0.09357621222698896	-0.30553589527620684	0.11358781289152235	0.16392782653114	0.09115801767647272	-0.008421903193074289	0.06033687690822909	0.048813062050603366	-0.16764969797258455	0.12202495683683365	-0.050218302729708744	0.07006761121510811	0.07553524125611644	-0.10414222749670551	0.055232816631821426	0.04349424949068544	0.0026349700671177275	0.0572497291546357	0.03847662041673321	0.02824053143018817	-0.038866587605815246	-0.1032920459800067	0.24851757064784832	0.09554906057411304	0.16280620371509855	0.4383558839857629	0.25232697834387036	0.11928199761393872	0.11429771646348715	0.06311202974566107
mood	0.03723751349580204	1.0	0.11479441960082411	-0.3371826215823415	0.5734888141417911	-0.43840621790388945	-0.3384269989781845	-0.11212465493960426	-0.01316041222545367	0.0	0.0	0.015157170568883802	0.041889087333697395	0.0	0.0	0.4176556169621955	0.056363418947531156	0.0	-0.08848054608898286	0.12699120287435664	-0.11008062485366972	0.28227870995531823	0.03735149355375946	0.0	0.14195803355352424	-0.1932889923602859	-0.04216941752469144	-0.08738055143406476	-0.15513782111363086	0.0	-0.07507518615040111	0.09488142466020151	0.05636341894753118	0.0	0.002749435070611262	0.0811387228336116	0.006808158065588064	0.11641063496697657	0.0	0.06461443237198358	0.0	-0.16321840149752256	0.00274943507061127	0.13584029155967425	-0.263351234978341	0.1616937540577159	0.11367877926662927	0.1680491930862398	0.23885678447151962	0.050154013888270566	0.03562268541625662	0.0539718185836434	-0.0997700313887463	0.019460285969119705	-0.0046652835669818045	-0.027043673266864413	0.13541711531537162	0.13215807391683929	-0.12513624631391665	0.14130164735246215	0.2253815682229996	0.0037795334712978253	-0.00699836431082508	0.007812631139802913	0.1658325814638595	0.1002047902376388	-0.12772960662061444	0.10178618612467562	0.1167182216313094	0.17925812394233875	0.025918640634741513	-0.004895802910525409	0.007255069253478523	-0.001120485539622249	-0.010633519897780823
social	0.267556997119106	0.11479441960082411	1.0	-0.14644203558475694	-0.014509760848994836	0.20846936932331814	0.03410239223775058	0.014220561580633794	0.10131501471794412	0.0	0.0	0.05303954331028236	0.02727118865243597	0.0	0.0	0.08998643679935893	-0.024052770905321024	0.0	0.2343072569356097	-0.009618631780072938	-0.0034088985815544912	0.042278475986834416	0.03056792247236252	0.0	0.0031802450349943225	-0.16813017319518989	0.082462011477562	-0.035554777723625614	-0.08680807093623269	0.0	0.13893363737608913	0.4623441063139482	0.01924221672425683	0.0	-0.06734775853489905	-0.05874393815192921	0.06551548526753723	-0.008126806336828682	0.0	0.06359217844739057	0.0	0.21168524635616434	0.01924221672425685	-0.04299616014581399	-0.10763958905585219	0.06551548526753719	-0.10607908662056473	-0.02690448471889483	0.10188866444133592	0.13960370664117053	-0.008951927448221883	0.039860877775217726	0.0782968807112351	0.12023220876779118	0.08890464862497004	-0.1092924031491078	0.26339313107098045	0.28115857375645714	-0.19837442900217644	0.25531614997511476	0.1267648299403395	0.004833752880049578	-0.20007030589179714	0.04056953875040214	0.13698738479672437	0.15432958524786397	0.09334237239778907	-0.020773895107272254	-0.0658648942667565	-0.0785597506140176	0.206162998891159	0.1448798770477358	0.04142202184054457	0.3969722144236631	0.3326063299369249
alone	-0.4823256143564615	-0.3371826215823415	-0.14644203558475694	1.0	-0.12731682731815072	0.023970443806415758	-0.15608939525554388	0.07624111257228695	-0.0014294293436294975	0.0	0.0	0.10746738951937594	-0.044969139042114116	0.0	0.0	-0.4454534805560711	0.04106193076543223	0.0	0.0714285714285713	-0.2866131383407515	0.05819535640744195	-0.4175478436580183	0.04744030687373394	0.0	-0.25714605916131206	0.11251193318006168	0.09261569453721163	0.06306254323811784	0.0945071631571773	0.0	0.1274117978594061	0.05538070298805206	-0.10452127831200986	0.0	0.04106193076543229	-0.02279211529192756	0.1016776566638987	-0.398082304190618	0.0	0.07401956568297412	0.0	-0.2618924633082496	-0.10452127831200986	0.18535689146703005	0.6198535795744976	-0.2588158533262887	0.16691743478541402	-0.26245864458504065	-0.24791177628740088	-0.023894692744974622	-0.03936047089301879	-0.003450381547953999	0.08381905152419473	0.08542793744933012	-0.03318498915103068	0.013135885176348427	-0.22689518271476677	-0.20907505255583145	0.227462629538401	-0.22628804105021375	-0.27876639651225515	-0.10283936578748858	0.0016471351462388896	-0.01909623142950963	0.002224504874495455	-0.025377717306705346	0.014243382553557005	-0.19023813483676094	-0.07098227936548016	-0.17217975888900125	-0.26817421277737413	-0.17780784799225233	-0.04665881277417101	-0.17831356536335782	-0.12315718801066386
morale	-0.09369395053943723	0.5734888141417911	-0.014509760848994836	-0.12731682731815072	1.0	-0.33255661886560006	-0.6151984185777416	-0.09881328247734272	0.046710871619298995	0.0	0.0	0.008844352292873038	0.024697493808148403	0.0	0.0	0.10662472048640985	0.09509753114142608	0.0	-0.01472371472386779	0.4127464643286991	-0.19546302242448704	0.20407263322017996	0.07931276685916536	0.0	0.4209242777628614	-0.41723663230402125	-0.013251440893568429	-0.21963883328024836	-0.4210713718553688	0.0	0.11216123256169729	-0.19397991317407137	0.09509753114142619	0.0	0.017426249162041347	0.06637337050243111	0.027123436802192376	-0.022815522652854796	0.0	0.21939322515229756	0.0	-0.05911416001113438	0.017426249162041378	0.3740562014322184	-0.25135001095429577	0.17137080525021547	0.2784446083928694	0.0799582831915323	0.07792936037735115	-0.09238249765068288	0.13148575142416558	-0.036907744588655346	-0.14679930153197007	-0.046245457917848315	-0.026532952708020165	-0.035120739432324126	0.06089616796797941	0.0593163126111195	-0.06609755527474893	0.07696334183476504	0.25685338615368225	-0.04284315660980073	0.1618784434894416	-0.025000812278500723	0.0541801420480704	-0.04490548862085823	-0.04582871283642285	0.2088744675765391	0.32044547043095833	0.19210126217593781	-0.03664136481296953	-0.016069203413633024	0.0019361473213993798	-0.06552625591220967	-0.04322079721233318
stress	0.2537524368185395	-0.43840621790388945	0.20846936932331814	0.023970443806415758	-0.33255661886560006	1.0	0.2665311785798324	0.07475629655641697	-0.06394075910740349	0.0	0.0	0.07772615387513766	-0.04428092587185944	0.0	0.0	-0.13156849391633038	0.02048550462006082	0.0	0.11562214071329907	0.0011197824373300788	-0.04428092587185935	-0.13859254098408183	-0.002551125197452376	0.0	0.019213401116575695	-0.02705399523069913	0.07731910140527085	-0.08119714485824349	-0.07303648793908855	0.0	0.06136979315522949	0.2465958621524287	-0.014000884452559535	0.0	-0.04848727352517944	-0.11293109621084854	0.0934239001354134	-0.06663207632866974	0.0	-0.1039056554537258	0.0	0.31814479656383027	0.020485504620060813	-0.14994634385600042	-0.0864339834381692	0.008028616417887113	-0.09830868939608016	-0.028377911960207135	-0.003068588175253476	0.11240511827297793	-0.017287085852540063	-0.026746561784874844	0.19822893032033992	0.00742195495189182	0.22610820720938976	-0.031611121646315195	0.1287907404881892	0.12974875518306753	-0.12017023217284703	0.11571988574614592	0.013967709001693602	-0.060493246144218873	-0.1570474576294911	-0.03482476985336274	-0.007326222832149364	-0.07373620918160469	0.14092325823237625	0.03671863791346451	-0.001413307168731293	-0.053004332986871225	0.14467465519225603	0.025127605606989383	0.004830458580044403	0.2237474729675049	0.19800995328607832
fatigue	0.30452554142701427	-0.3384269989781845	0.03410239223775058	-0.15608939525554388	-0.6151984185777416	0.2665311785798324	1.0	0.09297474708295056	-0.005643279305269716	0.0	0.0	-0.0318860056990915	0.0392463014541654	0.0	0.0	-0.036490914568623876	-0.04183468583607969	0.0	0.02398194682071928	-0.14049033976363667	0.15749052300276448	0.010635144606784531	-0.09505162102012256	0.0	-0.14862389086010755	0.1707245255279102	0.01855005341144261	0.09040082004291715	0.11843655453273184	0.0	-0.02271667883809008	0.07712155473957061	-0.041834685836079584	0.0	-0.09745580223177708	0.004353946123285663	-0.023249151201686965	0.11389198260820589	0.0	-0.07541255898948424	0.0	0.12058260579060212	0.013786430559617223	-0.3852441480991201	0.1399642650786357	-0.0691588674986892	-0.4123341010950994	0.0921079488266157	-0.13012850346747756	0.10599442484854052	-0.04622511587223918	0.02892461879350925	0.26970687344096733	-0.03159142204492178	0.08018613396971855	0.07803919235517023	0.05063918240777248	0.03368946652276443	-0.03710575320713517	0.038975726380176066	-0.10643256222502488	0.10531866782213314	-0.07883731597261293	-0.046478406407396956	0.01604301606770291	0.05518674499927337	-0.006045713783810207	-0.08512640438178297	-0.262148826799423	-0.17589416245519346	0.05231183565909498	0.061478100889856876	0.09731859193754208	0.04582541172217358	-0.005173923743060741
compulsions	0.14850715233401185	-0.11212465493960426	0.014220561580633794	0.07624111257228695	-0.09881328247734272	0.07475629655641697	0.09297474708295056	1.0	0.03422872680509792	0.0	0.0	-0.13034715652398304	-0.11851136578499491	0.0	0.0	-0.05431000438296734	0.05132548260868146	0.0	0.011034897872304699	0.024676013397163885	-0.11851136578499491	0.02534178796362037	-0.0074553469927913976	0.0	0.022722429655726906	0.12195002309327017	-0.00598337315000364	-0.127991333598564	0.04488808416670474	0.0	0.06692446603021131	-0.025295070534532713	-0.08362016829504278	0.0	-0.08362016829504267	0.06514074411591604	0.015708035800539477	-0.014004760574533528	0.0	0.09402256537634164	0.0	0.024898087511298468	0.05132548260868144	0.04724860988385728	0.06927340362723941	0.01570803580053937	-0.02013492661752563	-0.04653673789682959	-0.14326096655857956	0.047562200180734905	-0.0097712202439899	0.023549063115556178	0.01352760585772515	-0.09175404111530404	0.0067639434377285805	-0.05218900101907831	0.06244881668924087	0.049184495813384486	-0.04687758287797674	0.06548254945130984	0.01047869039202171	0.053734234157147565	0.025588716716059588	0.056191469744280034	0.08180869250411077	0.006548792067491225	-0.05758686543599338	0.1177592787079601	0.13787869553346224	0.03227922254552508	0.01956297340360181	-0.0020537779595396215	-0.034279248899614805	-0.07727675432214473	-0.08690487463778901
email_activity	0.03591229058478201	-0.01316041222545367	0.10131501471794412	-0.0014294293436294975	0.046710871619298995	-0.06394075910740349	-0.005643279305269716	0.03422872680509792	1.0	0.0	0.0	-0.06342095841208101	-0.016304485421906482	0.0	0.0	-0.05936521771955248	-0.011504245233468682	0.0	-0.02001201081081137	0.01117267579896028	-0.01630448542190656	0.05646249625288708	0.026287892242150862	0.0	0.003476766641064431	-0.09037499103537078	-0.025947967924612705	0.10168631853387512	0.019033503604014033	0.0	0.05609485807612131	-0.059365217719552554	-0.011504245233468692	0.0	-0.011504245233468713	-0.03512093643699527	-0.028486841101262688	0.0204760846194492	0.0	0.13759448571990182	0.0	0.01773875165444352	0.3730662382853406	0.041619065380360074	-0.03870912961452878	-0.028486841101262726	-0.06342095841208127	0.0564624962528872	-0.03303899782345523	-0.04008673075783541	0.026038527031958133	0.01866848701033923	-0.051881502403606054	-0.0030451784082657905	0.10272126406776322	0.009741538644053856	0.08699002653698966	0.08111870990607709	-0.07869690820204132	0.09282295876979754	0.10845294577064372	-0.010591673675320996	-0.05575417045932421	0.010642917332551743	0.1080598852700447	0.054269266725857156	-0.04276661600212051	-0.01259924138134376	-0.02271162705333271	-0.07887774938533151	0.0018430051183796331	0.0380438010023425	0.020085713163451535	0.11083909212664692	0.031066878649906482
just_woke_up_activity	0.0	0.0	0.0	0.0	0.0	0.0	0.0	0.0	0.0	0.0	0.0	0.0	0.0	0.0	0.0	0.0	0.0	0.0	0.0	0.0	0.0	0.0	0.0	0.0	0.0	0.0	0.0	0.0	0.0	0.0	0.0	0.0	0.0	0.0	0.0	0.0	0.0	0.0	0.0	0.0	0.0	0.0	0.0	0.0	0.0	0.0	0.0	0.0	0.0	0.0	0.0	0.0	0.0	0.0	0.0	0.0	0.0	0.0	0.0	0.0	0.0	0.0	0.0	0.0	0.0	0.0	0.0	0.0	0.0	0.0	0.0	0.0	0.0	0.0	0.0
getting_ready_activity	0.0	0.0	0.0	0.0	0.0	0.0	0.0	0.0	0.0	0.0	0.0	0.0	0.0	0.0	0.0	0.0	0.0	0.0	0.0	0.0	0.0	0.0	0.0	0.0	0.0	0.0	0.0	0.0	0.0	0.0	0.0	0.0	0.0	0.0	0.0	0.0	0.0	0.0	0.0	0.0	0.0	0.0	0.0	0.0	0.0	0.0	0.0	0.0	0.0	0.0	0.0	0.0	0.0	0.0	0.0	0.0	0.0	0.0	0.0	0.0	0.0	0.0	0.0	0.0	0.0	0.0	0.0	0.0	0.0	0.0	0.0	0.0	0.0	0.0	0.0
errands_activity	-0.0373787303343193	0.015157170568883802	0.05303954331028236	0.10746738951937594	0.008844352292873038	0.07772615387513766	-0.0318860056990915	-0.13034715652398304	-0.06342095841208101	0.0	0.0	1.0	0.2570835545556883	0.0	0.0	0.010174461594455899	-0.023660218383246064	0.0	0.07774236688635693	-0.23864386890902825	-0.03353263755074205	-0.039908129116131	-0.02937779732563426	0.0	-0.22524061981131593	-0.08724501891786725	0.03913500525312693	0.004996358149457036	-0.0594765429880503	0.0	-0.05383819020581667	0.054263795170431756	-0.023660218383246008	0.0	-0.023660218383245935	-0.07223151185146152	0.02603888556215034	0.09159989940671086	0.0	-0.1042572070285375	0.0	-0.042562826537937436	-0.02366021838324605	-0.10834687458994441	0.039215874218265424	-0.05858749251483791	-0.04669887278582931	0.014702994937521858	-0.06794969055356663	0.017602253762575	0.031361916607080306	0.009553632159054637	-0.012934362037856134	0.09079813000259095	0.010802642419185613	0.00031074434003276	-0.06809394943621523	-0.05775128479983995	0.10101315207745415	-0.07155043658724529	-0.04901157942426845	-0.03750899800089354	-0.10987235011498557	-0.02137201157904206	0.034963812495188144	0.0399115536737156	0.05162856652821356	-0.21292039928913614	-0.17541885677039593	-0.008848582279426757	0.04274749715606828	-0.02984261572287831	-0.04819418761368206	0.11721231454435006	0.15778269916403104
resting_activity	-0.06363379858052634	0.041889087333697395	0.02727118865243597	-0.044969139042114116	0.024697493808148403	-0.04428092587185944	0.0392463014541654	-0.11851136578499491	-0.016304485421906482	0.0	0.0	0.2570835545556883	1.0	0.0	0.0	-0.031388241028717324	-0.006082653043528818	0.0	-0.010580973892262143	-0.07540548251842939	-0.008620689655172577	0.16523554993609282	-0.030654461808403824	0.0	-0.07881603609443327	-0.047784074758848306	-0.01371949944276743	-0.03211203782239207	-0.07208350796767465	0.0	-0.041522739926870236	-0.031388241028717345	-0.006082653043528842	0.0	-0.0060826530435288675	-0.018569533817705035	-0.015061880828219517	-0.03211203782239225	0.0	-0.026802813370944617	0.0	-0.032826608214930816	-0.006082653043528825	-0.045305023518296864	-0.007163353188265793	-0.015061880828219512	-0.03353263755074205	0.16523554993609285	-0.017468747978470204	0.12038379679511976	0.05492233615142287	-0.03236957150188387	0.13340912755005674	0.08860357873661656	-0.031235780751449966	-0.028601639792161435	0.0463970880309952	0.06978778439591984	-0.06010212476307312	0.051402465668086074	0.029210023243279	-0.011120381080875666	-0.08467901770863073	-0.24022875835933888	-0.029799488070795768	-0.014454895872738039	0.012319556393080607	-0.062028012408158285	-0.1825331830922923	-0.04170512472818083	0.011937064596313943	0.0027077808449213164	-0.027032581223234722	0.17937611223754085	0.29148965950107314
with_parents_activity	0.0	0.0	0.0	0.0	0.0	0.0	0.0	0.0	0.0	0.0	0.0	0.0	0.0	0.0	0.0	0.0	0.0	0.0	0.0	0.0	0.0	0.0	0.0	0.0	0.0	0.0	0.0	0.0	0.0	0.0	0.0	0.0	0.0	0.0	0.0	0.0	0.0	0.0	0.0	0.0	0.0	0.0	0.0	0.0	0.0	0.0	0.0	0.0	0.0	0.0	0.0	0.0	0.0	0.0	0.0	0.0	0.0	0.0	0.0	0.0	0.0	0.0	0.0	0.0	0.0	0.0	0.0	0.0	0.0	0.0	0.0	0.0	0.0	0.0	0.0
reading_activity	0.0	0.0	0.0	0.0	0.0	0.0	0.0	0.0	0.0	0.0	0.0	0.0	0.0	0.0	0.0	0.0	0.0	0.0	0.0	0.0	0.0	0.0	0.0	0.0	0.0	0.0	0.0	0.0	0.0	0.0	0.0	0.0	0.0	0.0	0.0	0.0	0.0	0.0	0.0	0.0	0.0	0.0	0.0	0.0	0.0	0.0	0.0	0.0	0.0	0.0	0.0	0.0	0.0	0.0	0.0	0.0	0.0	0.0	0.0	0.0	0.0	0.0	0.0	0.0	0.0	0.0	0.0	0.0	0.0	0.0	0.0	0.0	0.0	0.0	0.0
with_friends_activity	0.31493560703369683	0.4176556169621955	0.08998643679935893	-0.4454534805560711	0.10662472048640985	-0.13156849391633038	-0.036490914568623876	-0.05431000438296734	-0.05936521771955248	0.0	0.0	0.010174461594455899	-0.031388241028717324	0.0	0.0	1.0	-0.02214715845962375	0.0	-0.03852570642647091	0.0708526640981474	-0.031388241028717324	-0.08847479104076203	-0.01698473878931305	0.0	0.05563743275758914	-0.0008876710942874994	-0.049953190815140526	-0.025722638576521347	-0.029824845975572833	0.0	-0.03779644730092263	0.02500000000000041	0.19378763652170797	0.0	-0.022147158459623686	-0.06761234037828111	-0.05484084971070817	0.5214680365967517	0.0	0.008132500607904618	0.0	-0.11952286093343942	-0.022147158459623742	-0.0934757578687968	-0.28038178538954955	0.03427553106919273	-0.1220935391334714	-0.08847479104076207	0.40150239343528277	0.08215257333502807	-0.036863198975175995	0.06367828455032408	-0.09987859538261643	-0.011365601489960584	0.0686009438952447	0.12901432201351692	0.07911490672634303	0.07646848853153564	-0.04824701384862352	0.07300886935763935	0.054996409621459734	-0.03159112563361695	-0.031847018563319014	0.033113834064844694	0.13288372142634977	0.14820583429380071	-0.043003637484547885	0.05267529108088325	0.024327305878168917	0.14425736588251378	0.2568990385352962	0.1947177666703484	0.12149533475437113	0.01089805032363531	-0.04477147012536833
therapy_activity	0.06313593124365505	0.056363418947531156	-0.024052770905321024	0.04106193076543223	0.09509753114142608	0.02048550462006082	-0.04183468583607969	0.05132548260868146	-0.011504245233468682	0.0	0.0	-0.023660218383246064	-0.006082653043528818	0.0	0.0	-0.02214715845962375	1.0	0.0	-0.007465805593714971	-0.05320518497777989	-0.006082653043528812	-0.017145320647541155	-0.02162941282832834	0.0	-0.055611629812126716	-0.03371585794063733	-0.009680310784783933	-0.02265786061293713	-0.05086124041882588	0.0	-0.029297936765452406	-0.022147158459623756	-0.00429184549356222	0.0	-0.004291845493562213	-0.013102435641608304	-0.010627478650280325	-0.022657860612937095	0.0	-0.01891173686180574	0.0	0.18529642184483175	-0.004291845493562224	-0.03196666974612282	-0.07076123992570095	-0.010627478650280332	-0.023660218383246032	-0.017145320647541155	-0.012325734634713956	0.1114846018299241	-0.03680834257378294	0.03851423103673755	-0.019355236938305147	0.06262291315856831	0.22519116005687018	-0.020180966754477708	-0.028265709382059002	-0.02698473722487732	0.016575450752875642	-0.03040976467738695	-0.02214339145636905	-0.007853544821418406	0.004030647692115545	-0.03730733007428803	0.15019049074960136	0.15826104812887018	-0.03671040890984218	0.06799097184467123	-0.03724517191564813	0.09577028944218773	0.02286146930626294	-0.006687019507413281	0.2598813185803033	0.017713972325957283	-0.0325279158610243
commuting_activity	0.0	0.0	0.0	0.0	0.0	0.0	0.0	0.0	0.0	0.0	0.0	0.0	0.0	0.0	0.0	0.0	0.0	0.0	0.0	0.0	0.0	0.0	0.0	0.0	0.0	0.0	0.0	0.0	0.0	0.0	0.0	0.0	0.0	0.0	0.0	0.0	0.0	0.0	0.0	0.0	0.0	0.0	0.0	0.0	0.0	0.0	0.0	0.0	0.0	0.0	0.0	0.0	0.0	0.0	0.0	0.0	0.0	0.0	0.0	0.0	0.0	0.0	0.0	0.0	0.0	0.0	0.0	0.0	0.0	0.0	0.0	0.0	0.0	0.0	0.0
meditation_activity	0.10884434768459314	-0.08848054608898286	0.2343072569356097	0.0714285714285713	-0.01472371472386779	0.11562214071329907	0.02398194682071928	0.011034897872304699	-0.02001201081081137	0.0	0.0	0.07774236688635693	-0.010580973892262143	0.0	0.0	-0.03852570642647091	-0.007465805593714971	0.0	1.0	-0.014927767621914086	-0.010580973892262143	-0.029824845975572858	-0.0376250709688234	0.0	0.057253249256645225	-0.058649837508755534	0.5085443590952345	-0.0394140895238236	-0.08847479104076174	0.0	0.05096471914376239	-0.038525706426470824	-0.007465805593714962	0.0	-0.00746580559371495	-0.022792115291927505	0.46217116665408403	-0.03941408952382354	0.0	-0.03289758474798826	0.0	0.32232918561015267	-0.0074658055937149685	-0.055607067440109015	-0.1230914909793329	-0.018486846666163334	-0.041157723645718416	-0.02982484597557287	-0.021441018489721155	0.052027958249736175	0.016635593294655474	0.07883607787847272	-0.03366906763499096	0.025291236702021127	-0.03833857775371977	-0.03510545165434216	0.1211556836433722	0.15932251881864828	-0.04257195668579587	0.12505013623026143	0.0393551746927275	-0.010774088384013248	-0.05366648353179403	-0.048623218763209616	0.06249374159463705	0.08288042846318223	-0.027001673087311932	0.10436515707643808	-0.054172477828304914	-0.05118857696700009	0.0481405416107676	0.013294044709701065	-0.03317960019496595	0.13180120496634468	0.08345756311704096
schoolwork_activity	0.2476999091855812	0.12699120287435664	-0.009618631780072938	-0.2866131383407515	0.4127464643286991	0.0011197824373300788	-0.14049033976363667	0.024676013397163885	0.01117267579896028	0.0	0.0	-0.23864386890902825	-0.07540548251842939	0.0	0.0	0.0708526640981474	-0.05320518497777989	0.0	-0.014927767621914086	1.0	-0.07540548251842928	0.17963670796098016	0.08386291258380385	0.0	0.95672766932966	-0.37504396008251867	-0.05961536481427116	-0.13953649385661807	-0.43220925936489013	0.0	-0.22260700310448436	-0.10185070464108678	0.08066592561147219	0.0	-0.053205184977779714	-0.026198125853112212	-0.07649814972337991	0.030081893480777347	0.0	0.2571334152304879	0.0	0.15746141578347223	-0.05320518497777989	0.2906087583176023	-0.3867285376649632	0.199745168722159	0.1440273570067704	0.21528979503720555	0.0394321979241	-0.015529913989793837	0.21781610686214617	-0.09191989853348803	-0.04612908486597445	-0.16339732045608518	0.042685456800402734	-0.005435360168951929	0.05326013559792392	0.05139489408938366	-0.08447815562352648	0.07032905426077314	0.21028067010637957	-0.03876519535261769	0.18733301189054052	-0.010891411508900235	-0.0831782099047745	-0.09306564258622378	0.031502303276216136	0.1734692930237061	0.35345643991492237	0.10248527411104241	0.040418296809944416	0.030561363167990248	0.061020634936611605	-0.0694387554241272	-0.10814254551282622
washing_up_activity	-0.13015908163623838	-0.11008062485366972	-0.0034088985815544912	0.05819535640744195	-0.19546302242448704	-0.04428092587185935	0.15749052300276448	-0.11851136578499491	-0.01630448542190656	0.0	0.0	-0.03353263755074205	-0.008620689655172577	0.0	0.0	-0.031388241028717324	-0.006082653043528812	0.0	-0.010580973892262143	-0.07540548251842928	1.0	-0.024299345578837027	-0.03065446180840398	0.0	-0.07881603609443348	-0.04778407475884841	-0.013719499442767336	-0.03211203782239211	-0.0720835079676745	0.0	-0.04152273992687045	-0.031388241028717345	-0.006082653043528835	0.0	-0.006082653043528869	-0.01856953381770491	-0.01506188082821951	-0.032112037822392143	0.0	-0.026802813370944596	0.0	-0.032826608214930865	-0.006082653043528819	-0.04530502351829687	0.08596023825918743	-0.01506188082821951	-0.03353263755074209	-0.02429934557883703	-0.01746874797847018	0.09753499689858665	0.02619879001367527	0.0648792249263685	0.27803513873463837	0.06127221246678933	0.10747510706496712	-0.028601639792161654	0.20427489679707195	0.2014840872075748	-0.11762490337427824	0.210140142037753	0.06345819850096063	-0.009664907120376409	-0.03975682943691016	0.022563123700807482	-0.048725073218092656	-0.013877785269499319	-0.0327238216691205	0.018367391395768044	-0.1436090353004359	-0.04170512472818077	-0.04945355332758592	-0.015569739858297625	0.038859335508399775	0.0991552752151062	0.02993207249802059
with_k_activity	0.05120545930621682	0.28227870995531823	0.042278475986834416	-0.4175478436580183	0.20407263322017996	-0.13859254098408183	0.010635144606784531	0.02534178796362037	0.05646249625288708	0.0	0.0	-0.039908129116131	0.16523554993609282	0.0	0.0	-0.08847479104076203	-0.017145320647541155	0.0	-0.029824845975572858	0.17963670796098016	-0.024299345578837027	1.0	0.08941191230834934	0.0	0.16684718909490817	-0.1346901225047077	-0.038671483542902535	-0.09051497449729194	-0.13114572667093216	0.0	-0.07022468831767842	-0.08847479104076215	-0.017145320647541082	0.0	-0.017145320647541	0.21983804748788943	-0.042455286288211526	-0.09051497449729182	0.0	0.05540313947808764	0.0	-0.09252915127470054	-0.017145320647541134	0.005108094442388061	-0.17768534235313077	0.06792845806113877	-0.03990812911613067	0.6438356164383555	-0.04923958069918124	-0.07432474355855585	0.12880802428759963	-0.02914883972827066	-0.07732145623931558	-0.07002027528083708	-0.08804504758489533	-0.08062013101401289	0.15744610998000486	0.12459615638384079	-0.12962412868770357	0.1878685645599983	0.3214476299922784	0.25795236947723094	0.05696437603333523	-0.04612681144727683	-0.029982206201548203	0.02516803117063058	-0.03298915883071301	0.140796734315995	0.026757056013487473	-0.01752641754464466	-0.06585255623598382	-0.019844466434753686	-0.07619738783163835	0.005827692241787206	0.06542708048109248
eating_activity	-0.09232222305783748	0.03735149355375946	0.03056792247236252	0.04744030687373394	0.07931276685916536	-0.002551125197452376	-0.09505162102012256	-0.0074553469927913976	0.026287892242150862	0.0	0.0	-0.02937779732563426	-0.030654461808403824	0.0	0.0	-0.01698473878931305	-0.02162941282832834	0.0	-0.0376250709688234	0.08386291258380385	-0.03065446180840398	0.08941191230834934	1.0	0.0	0.1270759186929102	-0.02879680578453434	0.14974999494190763	0.025220600792569728	0.040018810247800934	0.0	-0.07061590630272203	0.0776445201797159	-0.02162941282832839	0.0	-0.02162941282832846	0.08325740066879407	0.12807540725654848	-0.11418775949391755	0.0	0.12017170672039168	0.0	-0.02537580715382292	-0.021629412828328354	0.09385880218748509	0.04651462284119838	-0.05355880667092005	0.015552951525335822	0.08941191230834938	0.01687973583114411	-0.020153498520470825	-0.004187778787136692	-0.0983271482806374	-0.09754368155999046	-0.059111608906842084	-0.061936227371997964	-0.10170507346131669	-0.019098181307492555	-0.009056096344002802	0.037576279861446585	-0.01247766156157405	0.02760089104281302	-0.01443883327132351	0.01358760101232046	-0.005427836951610293	-0.006867367077655472	-0.016969145229520453	0.013961884895814939	0.04373988412272981	0.06504788375025927	-0.03856971961938603	-0.13670113287442004	-0.11093874141792105	-0.07575117623135531	0.011040798613783263	-0.004334142866577774
trying_to_leave_apt_activity	0.0	0.0	0.0	0.0	0.0	0.0	0.0	0.0	0.0	0.0	0.0	0.0	0.0	0.0	0.0	0.0	0.0	0.0	0.0	0.0	0.0	0.0	0.0	0.0	0.0	0.0	0.0	0.0	0.0	0.0	0.0	0.0	0.0	0.0	0.0	0.0	0.0	0.0	0.0	0.0	0.0	0.0	0.0	0.0	0.0	0.0	0.0	0.0	0.0	0.0	0.0	0.0	0.0	0.0	0.0	0.0	0.0	0.0	0.0	0.0	0.0	0.0	0.0	0.0	0.0	0.0	0.0	0.0	0.0	0.0	0.0	0.0	0.0	0.0	0.0
work_activity	0.23071550622003403	0.14195803355352424	0.0031802450349943225	-0.25714605916131206	0.4209242777628614	0.019213401116575695	-0.14862389086010755	0.022722429655726906	0.003476766641064431	0.0	0.0	-0.22524061981131593	-0.07881603609443327	0.0	0.0	0.05563743275758914	-0.055611629812126716	0.0	0.057253249256645225	0.95672766932966	-0.07881603609443348	0.16684718909490817	0.1270759186929102	0.0	1.0	-0.39429612657239044	0.17406989900290748	-0.1533855084255362	-0.4444512601114147	0.0	-0.2401730068706551	-0.11566729441709331	0.0771753230045836	0.0	-0.05561162981212674	-0.034647946433761796	0.1911017297314107	0.014859221128723869	0.0	0.24254851455485069	0.0	0.16843611040782133	-0.05561162981212671	0.3110789877604716	-0.39562577109870556	0.19110172973141093	0.18144383262578195	0.202211538957416	0.030964343944032864	-0.0010102805540242838	0.21526762824706228	-0.06016952018916154	-0.05855120509569561	-0.15383958663592845	0.05741908110073211	-0.01873292717776322	0.060969890567071125	0.06903807863160454	-0.08594905335230407	0.07891661642097651	0.21151179786982094	-0.04140174461300242	0.17231602003945645	0.00371684745702339	-0.0819492034706898	-0.10653715781294565	0.023786852601886375	0.17599412244523005	0.35744279772436854	0.11530837235885029	0.01702275247816126	0.014525391910580807	0.0479167793663794	-0.03989497687193336	-0.02473638167138647
tv_activity	-0.037465831553135966	-0.1932889923602859	-0.16813017319518989	0.11251193318006168	-0.41723663230402125	-0.02705399523069913	0.1707245255279102	0.12195002309327017	-0.09037499103537078	0.0	0.0	-0.08724501891786725	-0.047784074758848306	0.0	0.0	-0.0008876710942874994	-0.03371585794063733	0.0	-0.058649837508755534	-0.37504396008251867	-0.04778407475884841	-0.1346901225047077	-0.02879680578453434	0.0	-0.39429612657239044	1.0	-0.07604653609515213	-0.10999395749374935	0.6628988530951679	0.0	-0.11742784807525469	-0.0008876710942875243	-0.033715857940637334	0.0	-0.03371585794063739	-0.10293004709313272	-0.08348729258252155	0.06000991340147763	0.0	-0.10915106399434486	0.0	-0.08169468134300582	-0.03371585794063734	-0.1445241949573115	0.2025822841610499	-0.08348729258252176	-0.08724501891786787	-0.1346901225047077	-0.09682844328421662	-0.02104908169750267	-0.10614297202384121	0.0708241036037012	-0.08091222478353376	-0.04281084478158084	-0.07579885887923846	0.08203823020279583	-0.18059035947110802	-0.17683734474435514	0.25241420906388756	-0.18641672110064472	-0.24011343183481929	-0.04118843263150334	-0.03901982250792024	-0.01980563512384459	0.07243127267312585	0.13621673442758	-0.007415977395082827	-0.16197056083392306	-0.17810834109616075	-0.09066649198685359	-0.14651172193635448	-0.1159376480581751	-0.13493273563278968	-0.05350552934612887	-0.07935889506062316
working_out_activity	0.0024392711191652257	-0.04216941752469144	0.082462011477562	0.09261569453721163	-0.013251440893568429	0.07731910140527085	0.01855005341144261	-0.00598337315000364	-0.025947967924612705	0.0	0.0	0.03913500525312693	-0.01371949944276743	0.0	0.0	-0.049953190815140526	-0.009680310784783933	0.0	0.5085443590952345	-0.05961536481427116	-0.013719499442767336	-0.038671483542902535	0.14974999494190763	0.0	0.17406989900290748	-0.07604653609515213	1.0	-0.05110508586121071	-0.05370895630490134	0.0	-0.06608186004550859	-0.049953190815140464	-0.0096803107847839	0.0	-0.009680310784783855	-0.029552706228277166	0.910875580496101	-0.051105085861210583	0.0	-0.04265565724044431	0.0	0.13582997334678595	-0.009680310784783925	0.0028840488164002366	-0.041040734143218655	-0.023970410013055155	0.03913500525312691	-0.03867148354290254	-0.027800847466150025	0.04910855410917241	-0.02026664640171577	0.10685410455910947	-0.04365597716809061	0.02809407512136709	0.05144714903226501	-0.04551842101813189	0.039141870133908505	0.07995363830914737	-0.004488593816532396	0.03748623333129888	0.00980080637776487	-0.009202951541701756	-0.042642410900067956	0.04333612842955432	0.001122898019670638	-0.04785224833033017	-0.0418380277622233	0.03961034491365261	-0.026190401302685094	-0.009895479487598925	-0.04450815662423692	-0.026717846892750346	-0.043021324031332873	0.16958662236838154	0.29281385799935616
feedly_activity	-0.028867577170015018	-0.08738055143406476	-0.035554777723625614	0.06306254323811784	-0.21963883328024836	-0.08119714485824349	0.09040082004291715	-0.127991333598564	0.10168631853387512	0.0	0.0	0.004996358149457036	-0.03211203782239207	0.0	0.0	-0.025722638576521347	-0.02265786061293713	0.0	-0.0394140895238236	-0.13953649385661807	-0.03211203782239211	-0.09051497449729194	0.025220600792569728	0.0	-0.1533855084255362	-0.10999395749374935	-0.05110508586121071	1.0	0.27412512363936603	0.0	-0.15467205622243674	-0.025722638576521375	-0.022657860612937054	0.0	-0.022657860612936943	0.1466434663396049	-0.056105451672529144	0.1490909090909091	0.0	-0.047923383829852284	0.0	-0.12227899701112947	0.18941971472415434	-0.13365875075779984	0.07044434693456655	-0.05610545167252914	-0.1249089537364252	-0.03403363041098174	0.01106207392906692	0.03219895711991705	-0.03717311620992249	-0.10991704966333825	-0.10218174473808869	0.1409675529330576	-0.0727318784350662	0.02100797068909855	-0.0919534574301162	-0.0952428303543702	0.12482498139457684	-0.09299034005798483	-0.08981618595704693	-0.030137470314144498	-0.117106702424093	0.0548357070333238	-0.020442315190461167	-0.03883043997020983	0.11108731218962653	-0.25567350743159395	-0.20436067110337544	-0.0231614872614029	0.12831479349249605	0.03368882270975486	0.01711836545775837	0.019960781416976606	-0.004719169504624526
leisure_activity	-0.021569695923779428	-0.15513782111363086	-0.08680807093623269	0.0945071631571773	-0.4210713718553688	-0.07303648793908855	0.11843655453273184	0.04488808416670474	0.019033503604014033	0.0	0.0	-0.0594765429880503	-0.07208350796767465	0.0	0.0	-0.029824845975572833	-0.05086124041882588	0.0	-0.08847479104076174	-0.43220925936489013	-0.0720835079676745	-0.13114572667093216	0.040018810247800934	0.0	-0.4444512601114147	0.6628988530951679	-0.05370895630490134	0.27412512363936603	1.0	0.0	-0.22883646349229753	-0.05890407080175592	-0.05086124041882572	0.0	0.08438342160395995	-0.017644616831014554	-0.07012720303205684	0.1027664087730836	0.0	-0.15790042629557793	0.0	-0.10605133980751431	0.08438342160396084	-0.15497444567282512	0.13476986254824166	-0.07012720303205686	-0.059476542988050204	-0.13114572667093216	-0.048966044839325346	0.034244693185262944	-0.14819276609179863	-0.02656099951879726	-0.1696179361201607	0.05169108224245045	-0.09474581430432873	0.013603042567492235	-0.15468266452986568	-0.15261233471247324	0.21308440667285572	-0.16321566608650534	-0.241824720115794	-0.06086570225169986	-0.1437756756832637	-0.015339571145404747	0.08257468842653562	0.09387728153433783	0.041869639616474434	-0.20550049168885473	-0.15535976271685634	-0.11268723279381605	-0.03653905245451847	-0.06072069660900573	-0.15090603841368688	0.0035281079499430317	-0.03515465436488128
cooking_activity	0.0	0.0	0.0	0.0	0.0	0.0	0.0	0.0	0.0	0.0	0.0	0.0	0.0	0.0	0.0	0.0	0.0	0.0	0.0	0.0	0.0	0.0	0.0	0.0	0.0	0.0	0.0	0.0	0.0	0.0	0.0	0.0	0.0	0.0	0.0	0.0	0.0	0.0	0.0	0.0	0.0	0.0	0.0	0.0	0.0	0.0	0.0	0.0	0.0	0.0	0.0	0.0	0.0	0.0	0.0	0.0	0.0	0.0	0.0	0.0	0.0	0.0	0.0	0.0	0.0	0.0	0.0	0.0	0.0	0.0	0.0	0.0	0.0	0.0	0.0
ash_stuff_activity	-0.08832612461594098	-0.07507518615040111	0.13893363737608913	0.1274117978594061	0.11216123256169729	0.06136979315522949	-0.02271667883809008	0.06692446603021131	0.05609485807612131	0.0	0.0	-0.05383819020581667	-0.041522739926870236	0.0	0.0	-0.03779644730092263	-0.029297936765452406	0.0	0.05096471914376239	-0.22260700310448436	-0.04152273992687045	-0.07022468831767842	-0.07061590630272203	0.0	-0.2401730068706551	-0.11742784807525469	-0.06608186004550859	-0.15467205622243674	-0.22883646349229753	0.0	1.0	-0.07559289460184541	-0.029297936765452462	0.0	-0.029297936765452514	-0.08944271909999173	-0.07254762501100133	-0.0804294692356669	0.0	-8.913283142759377e-17	0.0	-0.12162606385262972	-0.029297936765452424	-0.07273929674533126	0.20701966780270592	-7.928554298675587e-18	-0.0897303170096943	-0.07022468831767842	0.042070316191167086	-0.030486410127895266	-0.1701442554068474	0.039620935292396464	0.06858299502703974	-0.0002513954959134645	-0.1115006997489112	-0.025728521254470664	0.09940736476842367	0.09356586993958965	-0.10875378806158134	0.09110431665700955	0.08253475613254427	-0.020823841066819428	0.08805422668764405	-0.014294894893865177	0.10783838403003332	-0.01456584924037897	-0.07894185149260982	0.09311674381563059	0.011751103994027975	0.018261680139444375	-0.02085038526100651	0.06270384450531166	0.1302061534033854	-0.07417965667037353	-0.08647034669288561
chatting_activity	0.059190251674351	0.09488142466020151	0.4623441063139482	0.05538070298805206	-0.19397991317407137	0.2465958621524287	0.07712155473957061	-0.025295070534532713	-0.059365217719552554	0.0	0.0	0.054263795170431756	-0.031388241028717345	0.0	0.0	0.02500000000000041	-0.022147158459623756	0.0	-0.038525706426470824	-0.10185070464108678	-0.031388241028717345	-0.08847479104076215	0.0776445201797159	0.0	-0.11566729441709331	-0.0008876710942875243	-0.049953190815140464	-0.025722638576521375	-0.05890407080175592	0.0	-0.07559289460184541	1.0	-0.022147158459623728	0.0	-0.022147158459623693	-0.06761234037828114	-0.05484084971070809	-0.11692108443873353	0.0	0.060993754559283596	0.0	0.10458250331675921	-0.02214715845962375	-0.021994295969128705	0.11519561725307065	-0.05484084971070814	-0.07800420555749552	-0.08847479104076207	0.013913449277460228	0.05814322008100853	0.07009897151838006	-0.029969739900826003	0.17223660953590014	-0.020590122414543173	0.05972984799400558	0.00015753066806190632	0.00227013940842155	-0.007508368286672295	0.0007962150341474425	-0.006913827970501887	-0.07240023942480339	-0.030162744995539604	-0.11766753979693666	0.020876574126561142	0.09026773008215169	0.05406102382470061	0.04290351260099812	-0.1265714469786704	-0.007166965632157704	-0.09801218160438774	-0.034925851160387725	-0.03450694599221366	-0.03844789074505425	0.28613383228575695	0.19694262638614907
in_class_activity	0.031866405053852784	0.05636341894753118	0.01924221672425683	-0.10452127831200986	0.09509753114142619	-0.014000884452559535	-0.041834685836079584	-0.08362016829504278	-0.011504245233468692	0.0	0.0	-0.023660218383246008	-0.006082653043528842	0.0	0.0	0.19378763652170797	-0.00429184549356222	0.0	-0.007465805593714962	0.08066592561147219	-0.006082653043528835	-0.017145320647541082	-0.02162941282832839	0.0	0.0771753230045836	-0.033715857940637334	-0.0096803107847839	-0.022657860612937054	-0.05086124041882572	0.0	-0.029297936765452462	-0.022147158459623728	1.0	0.0	-0.004291845493562229	-0.013102435641608226	-0.010627478650280315	-0.022657860612937133	0.0	-0.01891173686180563	0.0	-0.023162052730604003	-0.004291845493562225	-0.03196666974612266	-0.070761239925701	-0.010627478650280318	-0.02366021838324599	-0.017145320647541085	0.3482020034306711	0.06485849141348668	-0.036808342573783015	-0.08204890763076644	-0.019355236938305105	0.06262291315856823	-0.022039584355157325	-0.020180966754477746	-0.030254935245337695	-0.02698473722487728	0.03951362722091367	-0.03192902653653614	-0.03608479127912329	0.0018603859244609978	0.030503476395316836	-0.015197080195912295	0.0028888846875834806	-0.024241606026047986	-0.027629821505082038	0.08011169516637291	0.07261243600361672	0.09577028944218786	-0.04211323293258958	-0.015284616016944641	-0.019073858244425923	-0.05195106169545458	-0.04056501243615721
workshop_activity	0.0	0.0	0.0	0.0	0.0	0.0	0.0	0.0	0.0	0.0	0.0	0.0	0.0	0.0	0.0	0.0	0.0	0.0	0.0	0.0	0.0	0.0	0.0	0.0	0.0	0.0	0.0	0.0	0.0	0.0	0.0	0.0	0.0	0.0	0.0	0.0	0.0	0.0	0.0	0.0	0.0	0.0	0.0	0.0	0.0	0.0	0.0	0.0	0.0	0.0	0.0	0.0	0.0	0.0	0.0	0.0	0.0	0.0	0.0	0.0	0.0	0.0	0.0	0.0	0.0	0.0	0.0	0.0	0.0	0.0	0.0	0.0	0.0	0.0	0.0
