index	time	mood	unique_interactions	alone	morale	stress	fatigue	compulsions	email_activity	just_woke_up_activity	getting_ready_activity	errands_activity	resting_activity	with_parents_activity	reading_activity	with_friends_activity	therapy_activity	commuting_activity	meditation_activity	schoolwork_activity	washing_up_activity	with_k_activity	eating_activity	trying_to_leave_apt_activity	work_activity	tv_activity	working_out_activity	feedly_activity	leisure_activity	cooking_activity	ash_stuff_activity	chatting_activity	in_class_activity	workshop_activity	shopping_activity	studying_activity	working_activity	friend_home_location	library_location	la_location	therapy_location	parents_home_location	airport_location	vacation_location	home_location	cafe_location	mountain_view_location	k_home_location	school_location	Sadness_score	Analytical_score	Joy_score	Fear_score	Tentative_score	Anger_score	Confident_score	word_count	uniqueword_ratio	backspace_count	avg_dwelltime	avg_flighttime	avg_attention	avg_engagement	avg_valence	blinks	productivity_score	current_tabCount	current_windowCount	tabs_activated	tabs_created	windows_created	phone_unlocks	phone_use_secs	walking_distance	walking_duration	avg_walking_speed	stepCount	time_of_day
time	1.0	-0.010617667606198793	0.063428221093123	-0.19169968625679054	-0.09741807435533008	0.08818459285559489	0.4254257346859636	-0.04198501846986582	-0.003816811706761928	0.0	0.0	-0.045449901517630974	-0.032437567515194055	0.0	0.03136480512650832	0.1250975498331563	0.03605502391293818	0.0	0.015440624925125037	0.23933567702332464	-0.12719125543940987	-0.09041765111497414	-0.06213366681673699	0.0	0.22637460095252943	-0.007589494672990753	-0.01789610544401416	-0.02007870727056572	0.030974328509475797	0.11439625907578072	-0.23835706285405106	-0.04456675623141224	0.18965463277195413	0.0	-0.06953250630106043	-0.10296878782900896	-0.04095801106074259	0.08968358964711672	0.10969586583639081	-0.23997353522302015	0.0	0.048302906835582395	0.006024063176294401	-0.44237032230452944	-0.019334850462550398	-0.017137753559299827	-0.35812200692645757	-0.05102765343622624	0.26524470643921677	-0.02149010227749614	-0.003186908164384344	-0.13180638151011564	0.003274861145850189	-0.17107545854171652	0.08709980991814789	-0.008867414366117873	-0.09979248702434182	0.11546421775189453	-0.05661478447251408	-0.03872123111726632	0.05922461740558286	-0.05631852516370493	0.06746511975591035	0.021091270482140892	0.030906646973091118	0.16244517829338798	0.37989773578196	0.0033707983092987294	0.31945943951896477	0.20849538292093084	0.014098636202246665	0.2313021635553425	0.17863224558766008	0.03216069090007962	0.03610236212994683	0.02052967721416808	0.0565940487437978	-0.007341597659405948
mood	-0.010617667606198793	1.0	0.15098541898257012	-0.29578748361753426	0.603292947465482	-0.3825075810825365	-0.33149862663664087	-0.17181322097896246	0.0005983793301558827	0.0	0.0	0.010076010839133256	0.03409571662972949	0.0	-0.04020235158194207	0.38275823924498215	0.006619660391695214	0.0	-0.06981503881325525	0.09924176744640975	-0.08870344924871655	0.24273965410981743	0.03727145639925153	0.0	0.12070549104199016	-0.22667542132952986	0.012466103776456142	-0.08457235236706075	-0.1925322749834148	-0.035667624595120614	-0.042430299191587806	0.1544683056894319	0.08215642832604872	0.0	0.0046746920444118625	0.04368169110137927	0.045371420983402966	0.10757722945026636	0.010507944981944937	0.06357036452509995	0.0	-0.12099707733003351	0.0046746920444118625	0.1257720017147761	-0.25433396187338525	0.1406183342366807	0.10566945255229596	0.14829991026162453	0.17714276402065343	0.02188669139874109	0.06116728753255452	0.08444181332413812	-0.07621752534141885	0.013259471189298011	0.04778970142656373	0.0345250563351025	0.16557396730641358	-0.15806621880272118	0.21591704987378618	0.004682661044621161	-0.052968400518844216	-0.09766607147675585	0.20383988739708045	0.1338683545559142	-0.03332136209683834	0.09992717824632688	0.04227315774006653	0.1672171278644574	0.03220470050425874	-0.002900462319337384	0.033145313149056374	-0.018442950877848703	-0.06418272102470607	-0.046612601362914466	-0.0436409977382416	-0.07392115682627834	0.07556480876897105	-0.013556703118402043
unique_interactions	0.063428221093123	0.15098541898257012	1.0	-0.17723412312025358	0.02117428816647213	0.1548817256222056	-0.056833309964630485	-0.038872798211277565	0.0657333197661899	0.0	0.0	0.07647482927467723	0.014917108664916585	0.0	-0.015312395843052655	0.183182384257219	0.029087385298388307	0.0	0.2017052519473424	-0.07856182768615176	0.003702030856158486	0.052756278344308564	0.047800108956882095	0.0	-0.07106917107605769	-0.1553764482442513	0.054777185272280884	0.010836218450726328	-0.05947250694129554	-0.012748109834466276	0.16856873205666478	0.45065441481910234	-0.01181463585001759	0.0	-0.05116581049995604	-0.04900120200752321	0.045843546159737354	0.017204668628248425	-0.050538292692220384	0.07185959644953979	0.0	0.19560805217200897	0.0205410188138511	-0.0012427159332554932	-0.16588472511931796	0.06538027633771522	-0.060971459280932255	-0.0038314615557320545	0.11269015685959992	0.09729514788884899	-0.04358963337281985	0.09694811955193762	0.0976670765614332	0.12143346353886075	0.1441997260862913	-0.1015000617576632	0.23611564920024866	-0.17240238865697896	0.08951418774841197	0.00665010534496572	-0.1934511883866544	0.027043117103185126	0.11969004220197715	0.13340635793412461	0.0824290164997394	-0.0783372265519413	-0.14636959352427584	-0.05636127467967465	0.15947389151862787	0.11177037369606636	0.060090673961592685	0.32564480352632025	0.21560373173757366	0.0036679379024855546	0.008379806645555805	-0.0201910211064111	0.12112116240580456	0.006572396893830338
alone	-0.19169968625679054	-0.29578748361753426	-0.17723412312025358	1.0	-0.14865279606486756	-0.030868837432019475	0.004767935516487876	0.11845133237033335	0.018881372801234014	0.0	0.0	0.12524921782015067	-0.017077183985952	0.0	0.029501220638256304	-0.4551602666614715	0.04177559931443568	0.0	0.051231551957855996	-0.15973930708474599	0.04177559931443554	-0.3492151478847891	0.041265630706011525	0.0	-0.1383910922744366	0.17745588056431305	0.0786715519470971	0.07049163123399142	0.17217163878014846	0.05923488777590925	0.08276549287176473	0.033614632272640714	-0.3110855084191276	0.0	0.02950122063825631	-0.018881372801233892	0.08421519210665243	-0.3351851994348013	-0.1989417915160347	0.04267895997763199	0.0	-0.22740226283385406	-0.08850366191476837	0.11686198941990868	0.725007655378603	-0.21821789023599236	0.11173184840526999	-0.2250497619701974	-0.545202138819471	-0.018638383468473546	0.016727038148256716	-0.018343220637141507	0.07265134012998568	0.03475304210282509	-0.002479589423574023	-0.04108386724591515	-0.16857502676321406	0.16828384496871504	-0.19818565125544985	-0.08780018254306257	0.00587763999524076	0.13519651768083243	-0.06992514216491284	-0.00663736986736558	0.08779781573972216	-0.16863819239055963	0.03230887762553746	-0.10140633108246563	-0.18595770518024776	-0.10865387423123155	-0.020112949667728575	-0.06407845739556019	0.002829570623520175	0.105103602031523	0.10211431641722403	0.1313341247561915	-0.13681612644632438	0.015232192324255595
morale	-0.09741807435533008	0.603292947465482	0.02117428816647213	-0.14865279606486756	1.0	-0.2608287867465771	-0.5611080596309163	-0.14200416479614875	0.05660007404013102	0.0	0.0	0.006572960763471559	0.01134791738534779	0.0	-0.11614152517800184	0.11988880897048389	0.025045869695590965	0.0	-0.00801919495231244	0.3815541174785594	-0.16446376504543095	0.1842009722702929	0.05868162997900513	0.0	0.3934904087287319	-0.3986631140250228	0.008928722949226765	-0.19364425002628516	-0.42414996774746644	-0.031664565622617935	0.10310921883374986	-0.12161351559188788	0.06216872397535193	0.0	0.01768696895058848	0.04589345904928811	0.038551344746185996	-0.00541758868600549	0.0698398822554321	0.19776715282165472	0.0	-0.035665616634589184	0.01768696895058851	0.32756197935817105	-0.2506702940262778	0.15360046468538888	0.24858301069021183	0.07858966454085069	0.10725015335736375	-0.08522439088618455	0.12618182404223469	0.0031272862962115435	-0.11424284495227026	-0.05621459493460076	-0.009493917580945222	0.006060005530597991	0.09282230587190776	-0.1341320601959054	0.25597987718300513	-0.031777519637616256	0.12730482987825142	-0.0938854128446192	0.09813491770358042	-0.01961804391728594	-0.006901783867839746	0.26484854017878917	0.19927778499775828	0.16913461447711556	-0.022750248387459468	-0.007835956760679315	0.02518598922542738	-0.07075742131742077	-0.05673327163060367	-0.14681983238690724	-0.15104855498390404	-0.16760121663246713	0.061662889575489634	-0.20124974378693306
stress	0.08818459285559489	-0.3825075810825365	0.1548817256222056	-0.030868837432019475	-0.2608287867465771	1.0	0.1612048374551007	0.05015906111697618	-0.013405458632376775	0.0	0.0	0.03122778946574399	-0.03426493305683751	0.0	-0.039158740508924476	-0.06110232948407805	-0.014185206022487481	0.0	0.10068618790547637	0.001395556613746032	-0.034818232964287085	-0.10851731399713221	-0.007006021251864915	0.0	0.006129351316180576	-0.061597939946961194	0.02879506369272969	-0.02020566511674225	-0.08275806824886536	0.02377065757375997	0.07649594959527538	0.19749835914229347	-0.0010669831096496861	0.0	-0.03915874050892459	-0.06003314083194805	0.04419362626559128	-0.021634170992032315	0.029886695527616747	-0.07860784267992552	0.0	0.2841108336051251	0.04826542434820889	-0.10836610835170166	-0.12682081288815877	0.011226887630755198	-0.07134050946893265	-0.001197762847650466	0.031614775648152495	0.08103619087779626	-0.0248828922367303	-0.06207525698993623	0.14313058976122797	0.02063278265901299	0.142303098715193	-0.06494389604537736	0.09074211062235157	-0.10239475037754735	0.01781537586443741	-0.04804694055801564	-0.06356943122585536	0.027443856975489483	-0.05105298781940624	-0.08156249624027638	0.02720931094499492	0.012935149242321017	-0.1003511485025841	-0.03907820572164419	0.08170882335634677	0.028237776367743075	0.00745036048285796	0.11159082538272087	0.0805496176126058	-0.06507019367088651	-0.06226456700893315	-0.0788999340029303	-0.013546456629663702	-0.09141473000184151
fatigue	0.4254257346859636	-0.33149862663664087	-0.056833309964630485	0.004767935516487876	-0.5611080596309163	0.1612048374551007	1.0	0.06138597142361085	-0.03715467289878286	0.0	0.0	-0.04258354153006615	0.009317107507231864	0.0	0.09024338431643526	-0.08909252497444428	-0.0033292076503117288	0.0	-0.004082777446989244	-0.09029279739484997	0.1114004098373537	-0.045812257147289155	-0.08765295641591868	0.0	-0.09416856631668806	0.1857543219232322	0.02018655179872818	0.05191709204934648	0.1557538309157807	0.07661871569063247	-0.09995174357345123	0.004189978433258828	0.03919979916962938	0.0	-0.09494544442109903	-0.01493131714623981	-0.014971430004070536	0.02133207465426611	-0.03650530229433252	-0.1218326867702187	0.0	0.02516576539702098	-0.002351030052331986	-0.40556140221232917	0.26576235703558243	-0.09141086142162617	-0.40948530840200376	0.02116973461115646	-0.09098904367166423	0.04761778302621829	-0.04320532768985374	-0.05296092375078258	0.16653823943954674	-0.025810900304484307	0.05855313576319447	0.029549408932316678	-0.03196343706882476	0.04887377410710172	-0.13427469497760663	0.07025346007440648	-0.04637373625149718	0.010326800107900066	-0.0346270866724948	0.0635530147748733	0.013545844488478728	-0.0993336487445914	-0.05182569275399937	-0.16020299833529136	0.09564410377109687	0.08431454845733945	0.054250442623699456	0.1486192013838866	0.12816356906804138	0.21766233821136707	0.2193010536075552	0.20136885833711288	-0.01774943346593111	0.27369409225201063
compulsions	-0.04198501846986582	-0.17181322097896246	-0.038872798211277565	0.11845133237033335	-0.14200416479614875	0.05015906111697618	0.06138597142361085	1.0	0.00980629650933591	0.0	0.0	-0.10034009278938352	-0.10222996799607328	0.0	0.04435274746462967	-0.08130552530174867	-0.010277395060217756	0.0	0.01727172975276124	0.020184586808033096	-0.08336109326621043	0.03924371752260723	-0.02763582438152666	0.0	0.009703986088469629	0.12067460162664875	-0.039015866003324316	-0.06468822512791483	0.0679051635494219	-0.01457262978894752	0.06161681246593903	-0.041348402098266804	-0.1464491386607429	0.0	-0.05886819208941776	0.07586976773012515	-0.020718142014855886	0.01582572452755591	-0.03951655860529962	0.09294121092106335	0.0	0.045475117910782556	0.04435274746462969	0.07091597893274741	0.07832839768063495	0.024522651135470995	0.012377472218731991	-0.015061102400568181	-0.19791818685310822	0.09741617613049175	-0.0723896158020777	-0.011231835998991465	-0.00787195889339529	-0.02543869489666136	0.023064400286897505	-0.005862478581734553	0.03867665032153364	-0.01311344524987689	-0.012376312570088619	0.050918267604784656	0.033652912242273826	0.087590725503034	-0.0270483914485851	-0.010747128654427139	-0.15858518346475597	0.04407413830591431	0.05875121268332468	0.015648015854690493	-0.040872940570019306	-0.02505436528571573	-0.01319486226114392	-0.15203916568461695	-0.08665050622841482	-0.010275059539824076	-0.006643536992001838	0.016142934176542403	-0.10469774515037333	0.07553660301274091
email_activity	-0.003816811706761928	0.0005983793301558827	0.0657333197661899	0.018881372801234014	0.05660007404013102	-0.013405458632376775	-0.03715467289878286	0.00980629650933591	1.0	0.0	0.0	-0.057302793079880246	-0.01450983047553093	0.0	-0.008355353174435707	-0.05096471914376269	-0.01183170996976257	0.0	-0.014509830475531178	0.04387568116279342	-0.011831709969762705	0.05143055888139506	0.0035061829075721273	0.0	0.03783189553330441	-0.08718425636326892	-0.022281403517471803	0.11009095815357746	-0.03204396370498689	-0.01677653998404299	0.04936376056802549	-0.04760178026370863	-0.029368607287614784	0.0	-0.008355353174435785	-0.026737967914437964	-0.02385147656539878	0.023128729060088504	-0.018781470656798027	0.11845809105367229	0.0	0.021016369565165404	0.3124902087238937	0.04210030216517447	-0.014755826045078062	-0.020601266687222838	-0.044968869832731545	0.05143055888139515	-0.05339496713523069	-0.05496398022510224	0.096575328847044	0.01302162593151092	-0.046406855380879374	-0.005741524841157752	0.0977125825441226	-0.01008316767451801	0.07302122835773518	-0.06696654196397275	0.11577267018180719	-0.006787649276040485	-0.06557716456383185	0.022361752695396753	0.051485480737507465	0.012225556253782011	0.035643317411575656	-0.023497777170990167	-0.005490323669135004	-0.03205562886698732	0.0036023351140889196	0.04624890407735042	0.036456969677647506	0.04926584091414131	0.05252672150922514	-0.032673160173047	-0.03455938468131375	-0.02680276937736807	0.0007394110074351236	-0.11295674665330117
just_woke_up_activity	0.0	0.0	0.0	0.0	0.0	0.0	0.0	0.0	0.0	0.0	0.0	0.0	0.0	0.0	0.0	0.0	0.0	0.0	0.0	0.0	0.0	0.0	0.0	0.0	0.0	0.0	0.0	0.0	0.0	0.0	0.0	0.0	0.0	0.0	0.0	0.0	0.0	0.0	0.0	0.0	0.0	0.0	0.0	0.0	0.0	0.0	0.0	0.0	0.0	0.0	0.0	0.0	0.0	0.0	0.0	0.0	0.0	0.0	0.0	0.0	0.0	0.0	0.0	0.0	0.0	0.0	0.0	0.0	0.0	0.0	0.0	0.0	0.0	0.0	0.0	0.0	0.0	0.0
getting_ready_activity	0.0	0.0	0.0	0.0	0.0	0.0	0.0	0.0	0.0	0.0	0.0	0.0	0.0	0.0	0.0	0.0	0.0	0.0	0.0	0.0	0.0	0.0	0.0	0.0	0.0	0.0	0.0	0.0	0.0	0.0	0.0	0.0	0.0	0.0	0.0	0.0	0.0	0.0	0.0	0.0	0.0	0.0	0.0	0.0	0.0	0.0	0.0	0.0	0.0	0.0	0.0	0.0	0.0	0.0	0.0	0.0	0.0	0.0	0.0	0.0	0.0	0.0	0.0	0.0	0.0	0.0	0.0	0.0	0.0	0.0	0.0	0.0	0.0	0.0	0.0	0.0	0.0	0.0
errands_activity	-0.045449901517630974	0.010076010839133256	0.07647482927467723	0.12524921782015067	0.006572960763471559	0.03122778946574399	-0.04258354153006615	-0.10034009278938352	-0.057302793079880246	0.0	0.0	1.0	0.1584434223960979	0.0	-0.017906561769993876	-0.021110470032392043	0.0905600966209806	0.0	0.06367352488815149	-0.210380743937615	-0.02535682705387406	-0.027589167524065247	0.0017890919891941622	0.0	-0.1893917712044878	-0.06625992659728079	0.07698762962699723	0.07946119507431536	-0.027725609684606134	-0.035954213213893325	-0.04010496753035354	0.022346480120212057	-0.06294058066909786	0.0	-0.01790656176999373	-0.0573027930798798	0.06572144939495997	0.07662391285398662	-0.04025102918165982	-0.07771543853960379	0.0	-0.02802070930674	-0.017906561769993824	-0.07579648267114994	0.06939768325533444	-0.044151078568834795	-0.03110479883999791	0.015476850074475626	-0.11443206017181826	-0.018572691593425956	0.09214824599551209	0.055355398190195325	0.01837659931959625	0.10821134528094502	0.005600909426340056	-0.00622469817058299	-0.04566019279492874	0.08907325111936486	-0.06345415630980128	-0.03057781112108484	-0.12355905819597135	0.023549037179253326	-0.01845042124188255	-0.007679735874525057	0.04710206025117374	-0.18195896872631234	-0.13300620877885044	-0.01786973471365033	0.0017140604807998076	-0.026231605573318866	-0.05580844535495731	0.03674960895308763	0.050132058179869224	-0.04700533272515457	-0.043002329867591435	-0.04574840983736322	0.0006963858388907599	-0.0846411758097704
resting_activity	-0.032437567515194055	0.03409571662972949	0.014917108664916585	-0.017077183985952	0.01134791738534779	-0.03426493305683751	0.009317107507231864	-0.10222996799607328	-0.01450983047553093	0.0	0.0	0.1584434223960979	1.0	0.0	-0.004534179953847023	-0.02765690486933825	-0.0064206863605442725	0.0	-0.007874015748031496	-0.08291779116802175	-0.006420686360544148	0.13477761608308553	-0.02854038109844782	0.0	-0.08600466657335068	-0.047312076370739316	-0.012091397103548568	0.069648345028766	-0.011340797474359019	-0.009104085692427781	-0.030679127750024054	-0.025831946697300236	-0.015937393387910583	0.0	-0.004534179953846962	-0.01450983047553107	-0.012943424970158419	-0.023416442673202226	-0.010192096728642689	-0.01967858420041179	0.0	-0.023913508573924144	-0.004534179953846999	-0.03232991384746814	0.004341420861004363	-0.011179641181758961	-0.02440315135529854	0.13477761608308553	-0.028975721859565488	0.0590497690031353	0.018965051685731885	0.008311326910671823	0.0789104672952123	0.03098059357978709	-0.03133821676127709	-0.027195657706222114	0.04259436382089224	-0.04885024638322642	0.019857290993653003	-0.009903773428505987	-0.09058221844447832	-0.13156427098882562	-0.0151942335999762	-0.008220462182058377	0.02878052040549559	-0.08103090787550132	-0.11042775018212381	0.027651890766181807	0.032045033444682236	-0.0117104516505044	0.024730023022270984	0.15279598926270038	0.18824079949479372	0.028411227836409845	0.023097142331846014	0.046691979794337805	-0.0220646877959915	0.07354976434738518
with_parents_activity	0.0	0.0	0.0	0.0	0.0	0.0	0.0	0.0	0.0	0.0	0.0	0.0	0.0	0.0	0.0	0.0	0.0	0.0	0.0	0.0	0.0	0.0	0.0	0.0	0.0	0.0	0.0	0.0	0.0	0.0	0.0	0.0	0.0	0.0	0.0	0.0	0.0	0.0	0.0	0.0	0.0	0.0	0.0	0.0	0.0	0.0	0.0	0.0	0.0	0.0	0.0	0.0	0.0	0.0	0.0	0.0	0.0	0.0	0.0	0.0	0.0	0.0	0.0	0.0	0.0	0.0	0.0	0.0	0.0	0.0	0.0	0.0	0.0	0.0	0.0	0.0	0.0	0.0
reading_activity	0.03136480512650832	-0.04020235158194207	-0.015312395843052655	0.029501220638256304	-0.11614152517800184	-0.039158740508924476	0.09024338431643526	0.04435274746462967	-0.008355353174435707	0.0	0.0	-0.017906561769993876	-0.004534179953847023	0.0	1.0	-0.01592597572278894	-0.0036972935180116296	0.0	-0.004534179953846956	-0.04774745168947688	-0.0036972935180116045	-0.010302273127970546	-0.016434717429170517	0.0	-0.049525000659501134	-0.02724422646839566	-0.006962720435836135	-0.0169337974960745	0.06312811354105585	-0.005242504481278365	-0.017666295127800234	-0.014875090250235515	-0.009177402221236806	0.0	-0.0026109660574412143	-0.008355353174435677	-0.00745335289029439	-0.01348414434982368	-0.00586902568568455	-0.011331732734202906	0.0	-0.013770375202658301	-0.0026109660574412234	-0.01861688520415245	0.03805506078425439	-0.0064376941270667485	-0.01405233152010792	-0.010302273127970553	-0.016685404424893885	-0.037560772344445166	-0.028667044314687692	0.02881687559708498	-0.014501687924190714	0.06408188417776607	-0.018045825506993483	-0.015660370762410798	-0.00794638826911827	0.012165188461936684	-0.027911083329538927	-0.0041202851984303785	0.0029654595714880233	-0.005692550505970349	0.029064845231660485	-0.002409885208788679	0.016572999452852677	0.027443170813757828	-0.020016177875513498	-0.02113428096374831	0.004773514447061333	-0.009297053609589045	-0.014240557580011033	-0.045734237663056766	-0.03656636986437725	-0.020881846336799428	-0.020936478685223307	-0.02280248235729753	-0.01605848665936504	0.07470747431596836
with_friends_activity	0.1250975498331563	0.38275823924498215	0.183182384257219	-0.4551602666614715	0.11988880897048389	-0.06110232948407805	-0.08909252497444428	-0.08130552530174867	-0.05096471914376269	0.0	0.0	-0.021110470032392043	-0.02765690486933825	0.0	-0.01592597572278894	1.0	-0.022552191607417563	0.0	-0.027656904869338708	0.03952784342675045	-0.02255219160741738	-0.06284024691090401	0.025552902682603743	0.0	0.028087609474492535	-0.055776748889949865	-0.04247014866764023	-0.011192438256929931	-0.06482743045069768	-0.03197743565355804	-0.018706946185409665	0.08005837494214016	0.049393173127872815	0.0	-0.01592597572278883	-0.05096471914376261	-0.04546283428155183	0.4379493038082861	0.045064617115305516	0.017618718729438883	0.0	-0.08399445122858343	-0.015925975722788904	-0.056555570108958134	-0.3419546177508453	0.03464794643376201	-0.08571428571428583	-0.062840246910904	0.36422219768672454	0.09837374411042644	-0.05872682062924251	0.08449409418129099	-0.08845520192110783	0.027083806052807614	0.09052599625613977	0.10640127851089894	0.08276533433798133	-0.08197411178115513	0.05279189979228487	-0.023941604079905407	-0.04338320497031861	-0.021088525355226713	0.12375881710285012	0.15437865451360147	0.0011506406874707542	0.02266635373369494	-0.047048524297063896	0.11042153576116957	0.1845424926286828	0.1384575681502057	0.09708150426872221	0.013482269060338264	-0.08037088642761767	0.00316299508514437	0.003864464296702777	-0.016921773095015323	0.19878077885646356	-0.05123230094945783
therapy_activity	0.03605502391293818	0.006619660391695214	0.029087385298388307	0.04177559931443568	0.025045869695590965	-0.014185206022487481	-0.0033292076503117288	-0.010277395060217756	-0.01183170996976257	0.0	0.0	0.0905600966209806	-0.0064206863605442725	0.0	-0.0036972935180116296	-0.022552191607417563	1.0	0.0	-0.006420686360544202	-0.06761341961146913	-0.005235602094240701	-0.014588672092566458	-0.023272602126729398	0.0	-0.07013054168055474	-0.03857955243721425	-0.009859653694760296	-0.023979331151824955	-0.05856809764491232	-0.007423718811485833	-0.02501659425144266	-0.021064071133859073	-0.012995783552244917	0.0	-0.0036972935180116006	-0.011831709969762582	-0.010554420364907072	-0.019094403528705586	-0.008310912569269864	-0.01604645218064148	0.0	0.12449824147475742	-0.003697293518011613	-0.02636269008350714	-0.021634020936425004	-0.009116183145740265	-0.019898992594780267	-0.014588672092566465	-0.02362759081059077	0.10938795880778078	-0.040594352738969906	-0.011409976593656817	-0.020535309759975553	0.08869560255765215	0.10593927350449424	-0.022176078139546602	-0.03827897401986627	0.058396587957126114	-0.04354460909637269	-0.0076012755411320986	-0.013833470202111809	-0.00039057301119611144	0.07154174457420291	0.07401612982277893	-0.02944184374472654	-0.001667155792316149	0.017932030502353372	0.04878589552011576	0.02505423577002716	0.008531964993243994	0.16132426105928038	0.00286476971248223	-0.014740055769373574	-0.029570018685278	-0.029647381555287556	-0.03228976109204294	0.11690966212651885	-0.02402160711149916
commuting_activity	0.0	0.0	0.0	0.0	0.0	0.0	0.0	0.0	0.0	0.0	0.0	0.0	0.0	0.0	0.0	0.0	0.0	0.0	0.0	0.0	0.0	0.0	0.0	0.0	0.0	0.0	0.0	0.0	0.0	0.0	0.0	0.0	0.0	0.0	0.0	0.0	0.0	0.0	0.0	0.0	0.0	0.0	0.0	0.0	0.0	0.0	0.0	0.0	0.0	0.0	0.0	0.0	0.0	0.0	0.0	0.0	0.0	0.0	0.0	0.0	0.0	0.0	0.0	0.0	0.0	0.0	0.0	0.0	0.0	0.0	0.0	0.0	0.0	0.0	0.0	0.0	0.0	0.0
meditation_activity	0.015440624925125037	-0.06981503881325525	0.2017052519473424	0.051231551957855996	-0.00801919495231244	0.10068618790547637	-0.004082777446989244	0.01727172975276124	-0.014509830475531178	0.0	0.0	0.06367352488815149	-0.007874015748031496	0.0	-0.004534179953846956	-0.027656904869338708	-0.006420686360544202	0.0	1.0	-0.023624622064631607	-0.006420686360544164	-0.017890833993329937	-0.02854038109844782	0.0	0.03236734763513197	-0.04731207637073843	0.43010826839765737	-0.029407079012145464	-0.0718250506709364	-0.009104085692427762	0.06509961254273393	-0.025831946697300236	-0.015937393387910583	0.0	-0.004534179953846959	-0.014509830475531131	0.4012461740749104	-0.02341644267320244	-0.010192096728642698	-0.01967858420041179	0.0	0.3292706180563339	-0.004534179953846937	-0.03232991384746814	-0.11914788362979188	-0.011179641181758961	-0.02440315135529854	-0.017890833993329937	-0.028975721859565297	0.046353005326684814	0.013502875285306474	0.07481051648967443	-0.025183499607516185	0.02727121015256733	-0.031338216761277266	-0.027195657706222034	0.11646719224289909	-0.0499261351177873	0.04122428642035593	-0.006934019450013295	-0.04808444583838361	-0.02636262639006082	0.04526047501742119	0.06505175265289036	-0.006612147439952686	0.07809581667749164	-0.0725938314901756	-0.03670160047147758	0.033804692080855264	0.006028457358543714	-0.024730023022270953	0.07170411105618604	0.036424694795945116	-0.03626322478983859	-0.036358098830176336	-0.03959858386812234	0.11687894821364411	0.01736320696795052
schoolwork_activity	0.23933567702332464	0.09924176744640975	-0.07856182768615176	-0.15973930708474599	0.3815541174785594	0.001395556613746032	-0.09029279739484997	0.020184586808033096	0.04387568116279342	0.0	0.0	-0.210380743937615	-0.08291779116802175	0.0	-0.04774745168947688	0.03952784342675045	-0.06761341961146913	0.0	-0.023624622064631607	1.0	-0.0676134196114687	0.10798821467174438	-0.049811191958207796	0.0	0.9641080475244119	-0.35990568341867074	-0.08830730588187546	-0.09988570276386455	-0.3934128919768075	-0.044454204570057415	-0.22164454160770414	-0.15531251277218563	-0.10782353036381867	0.0	-0.047747451689476667	-0.054460475840198336	-0.09975138185317513	-0.013830982978247579	0.12291809254771159	0.16323428320358946	0.0	0.08062219817715263	-0.04774745168947679	0.16268157152272708	-0.18675820218552852	0.13482801488410465	0.06970810160407609	0.1349326425040703	0.048697418772571256	-0.0052426031338689465	0.1501680983662326	-0.07598467479985985	-0.06372271036015972	-0.1936966421220935	0.018647647574564608	-0.017714223859201864	0.027607716475097997	-0.07916312713123073	0.20525444625312111	-0.0340245289730054	0.24384536692503941	0.04088644769294688	-0.05735283209758724	-0.12413768222598073	0.02406707370716571	0.3032032824208264	0.341752644474348	0.04510559345990375	0.06648692318166498	0.08513729249360451	0.027642450214511286	-0.08498024273575326	-0.08814843455269548	-0.11200543908233722	-0.11669470892712386	-0.1351717887698746	-0.04184128400876461	-0.01658464565701907
washing_up_activity	-0.12719125543940987	-0.08870344924871655	0.003702030856158486	0.04177559931443554	-0.16446376504543095	-0.034818232964287085	0.1114004098373537	-0.08336109326621043	-0.011831709969762705	0.0	0.0	-0.02535682705387406	-0.006420686360544148	0.0	-0.0036972935180116045	-0.02255219160741738	-0.005235602094240701	0.0	-0.006420686360544164	-0.0676134196114687	1.0	-0.014588672092566554	-0.023272602126729384	0.0	-0.07013054168055421	-0.038579552437214316	-0.009859653694760315	-0.023979331151824997	-0.058568097644912054	-0.00742371881148578	-0.025016594251442495	-0.02106407113385934	-0.012995783552244988	0.0	-0.003697293518011557	-0.011831709969762676	-0.010554420364906848	-0.019094403528705377	-0.008310912569269914	-0.016046452180641452	0.0	-0.019499724568335423	-0.0036972935180115815	-0.026362690083507032	0.05388837942345717	-0.00911618314574016	-0.019898992594780267	-0.014588672092566528	-0.02362759081059078	0.08094356410362316	0.020939847191877414	0.06149658280894759	0.22127242678126705	0.05309193219014273	0.0785560398991701	-0.02217607813954618	0.1855962988427554	-0.1077532574102666	0.060994762293387454	-0.006537737173991228	-0.03585039404435857	0.019434187899535875	-0.04273236791366884	-0.014456173586411646	-0.019821796110821643	0.010920564306535976	-0.13015183429127414	-0.029927482125784572	-0.047048155492977084	-0.01858951313097538	0.040331065264820956	0.052458160144960825	0.003436190747833439	0.03554151809177217	0.029127314020724656	0.07519939366391316	-0.021475657787781592	0.0752464911505892
with_k_activity	-0.09041765111497414	0.24273965410981743	0.052756278344308564	-0.3492151478847891	0.1842009722702929	-0.10851731399713221	-0.045812257147289155	0.03924371752260723	0.05143055888139506	0.0	0.0	-0.027589167524065247	0.13477761608308553	0.0	-0.010302273127970546	-0.06284024691090401	-0.014588672092566458	0.0	-0.017890833993329937	0.10798821467174438	-0.014588672092566554	1.0	0.07349397498075044	0.0	0.10043874361164014	-0.10749946803703819	-0.027473297647531123	-0.06681688044205043	-0.10822489973671598	-0.02068572009460298	-0.02618268488398546	-0.05869369390091516	-0.03621192394246681	0.0	-0.01030227312797064	0.22022829059469132	-0.029409220765670832	-0.053205340449734684	-0.023157829048245645	0.08246957090487289	0.0	-0.054334741735957134	-0.010302273127970604	0.05191029063891254	-0.18654484061267018	0.08297876994852377	-0.002875043976315899	0.6531165311653117	-0.0658367783625508	-0.04457725116641632	0.10100948952487135	0.011729095491804646	-0.057220333977844526	-0.0341153941193355	-0.07120468788282086	-0.061792230664901936	0.16212144332274867	-0.13889471885475493	0.29287697533024026	0.26265237203751723	0.04158166615628306	-0.01725155391427227	-0.03424512850580379	0.012415018850124792	-0.045403435040350625	0.10008158985879169	-0.058347933014767005	0.004340902652922135	-0.06992448267759133	-0.03063825903025022	-0.05618997354092135	-0.05148057240706821	-0.0033470906718536518	-0.08239497551678183	-0.08261054223143859	-0.08997336467515288	-0.040990993480917066	0.14441932881262678
eating_activity	-0.06213366681673699	0.03727145639925153	0.047800108956882095	0.041265630706011525	0.05868162997900513	-0.007006021251864915	-0.08765295641591868	-0.02763582438152666	0.0035061829075721273	0.0	0.0	0.0017890919891941622	-0.02854038109844782	0.0	-0.016434717429170517	0.025552902682603743	-0.023272602126729398	0.0	-0.02854038109844782	-0.049811191958207796	-0.023272602126729384	0.07349397498075044	1.0	0.0	-0.025698580680593094	0.06523295481695861	0.08974063415434004	0.0430098925592722	0.0867797061525374	0.23099249286597073	-0.053340047359090946	0.07282427258826135	-0.05776712868787001	0.0	-0.016434717429170513	0.05960510942872601	0.07819184288945079	-0.08487590312862042	-0.03694256325311859	0.09774516817512523	0.0	-0.01555751477337438	-0.016434717429170513	0.07725458685752788	0.03438615568416607	-0.04052204492365539	0.016380065822181874	0.07349397498075044	-0.014192733020037419	0.021945934401978305	-0.026591851835177264	-0.08444712180767758	-0.019029296207826778	-0.026780263536773718	-0.028419978741762317	-0.06247573483795613	-0.005989272062865339	0.004853847597939665	0.007293940421011253	-0.012422630601115819	-0.029527461570906865	-0.06691437905768031	0.019759658193882663	0.05020036874268942	-0.04059614930083909	-0.030212319266295324	0.038568908293683195	-0.035839041731468006	-0.12940584535836042	-0.11745914788888209	-0.05975809584458934	0.016074183382926092	0.01857381889556197	-0.07383367306300731	-0.07532099519468685	-0.07013140924545176	0.059238013734277305	-0.072835087949386
trying_to_leave_apt_activity	0.0	0.0	0.0	0.0	0.0	0.0	0.0	0.0	0.0	0.0	0.0	0.0	0.0	0.0	0.0	0.0	0.0	0.0	0.0	0.0	0.0	0.0	0.0	0.0	0.0	0.0	0.0	0.0	0.0	0.0	0.0	0.0	0.0	0.0	0.0	0.0	0.0	0.0	0.0	0.0	0.0	0.0	0.0	0.0	0.0	0.0	0.0	0.0	0.0	0.0	0.0	0.0	0.0	0.0	0.0	0.0	0.0	0.0	0.0	0.0	0.0	0.0	0.0	0.0	0.0	0.0	0.0	0.0	0.0	0.0	0.0	0.0	0.0	0.0	0.0	0.0	0.0	0.0
work_activity	0.22637460095252943	0.12070549104199016	-0.07106917107605769	-0.1383910922744366	0.3934904087287319	0.006129351316180576	-0.09416856631668806	0.009703986088469629	0.03783189553330441	0.0	0.0	-0.1893917712044878	-0.08600466657335068	0.0	-0.049525000659501134	0.028087609474492535	-0.07013054168055474	0.0	0.03236734763513197	0.9641080475244119	-0.07013054168055421	0.10043874361164014	-0.025698580680593094	0.0	1.0	-0.3787035706225736	0.14059001197610926	-0.11179340707914628	-0.40091552977577166	-0.0481162352481886	-0.23385508330154586	-0.16565042996291704	-0.1141799678849201	0.0	-0.04952500065950091	-0.060326536120674325	0.15049677518509177	-0.023431673286245482	0.1185063222115997	0.15485008246653034	0.0	0.0913867229458004	-0.049525000659501064	0.18149941635604455	-0.19188780052073845	0.12998877418150556	0.10031289098033061	0.12733447411852283	0.03669849250036501	-0.0025325637507957	0.16972715697045537	-0.04361177502972082	-0.07395960594054263	-0.18460540526788566	0.0229102842738589	-0.028861400108561884	0.029321980828254615	-0.06901615029004697	0.21060557610273045	-0.0358901581023918	0.23884452198417566	0.04943724194204861	-0.0652761891204815	-0.1337237985401298	0.021305552224414562	0.30364034028343034	0.3348446723379012	0.05261173646651944	0.0493143072550295	0.07365908072747022	0.017426836633321223	-0.07656416551649217	-0.05147350741168629	-0.12670956282440107	-0.13142935706402942	-0.15120509382985153	-0.0010991271802687228	-0.018215867262206056
tv_activity	-0.007589494672990753	-0.22667542132952986	-0.1553764482442513	0.17745588056431305	-0.3986631140250228	-0.061597939946961194	0.1857543219232322	0.12067460162664875	-0.08718425636326892	0.0	0.0	-0.06625992659728079	-0.047312076370739316	0.0	-0.02724422646839566	-0.055776748889949865	-0.03857955243721425	0.0	-0.04731207637073843	-0.35990568341867074	-0.038579552437214316	-0.10749946803703819	0.06523295481695861	0.0	-0.3787035706225736	1.0	-0.07265277610538791	-0.1346831123696987	0.6587127461628459	0.0070792267882300326	-0.08278092910808285	-0.03834716252005961	-0.09576195898615554	0.0	-0.02724422646839574	-0.08718425636326842	-0.07777229945725696	0.03727744251889079	-0.06124057586804455	-0.08856513018736846	0.0	-0.06878795894230133	-0.027244226468395687	-0.11625044651145239	0.22686301848870113	-0.06717436874838185	-0.07302728978374853	-0.10749946803703825	-0.17410449882066525	0.040271797983787244	-0.07216555435621592	0.017336616413120468	-0.006021961694533878	0.01006140936447818	-0.0510991917342318	0.04650604648939049	-0.16509434113343682	0.24747167373941056	-0.21196666490791233	-0.03594019704527329	-0.06675068802103358	0.05633045854408405	0.024712349522126226	0.15302930710502022	-0.02286753975540261	-0.23787846202254925	-0.07406617159817162	-0.029462763328168003	-0.1155047975942296	-0.11017704683049835	-0.10663779567476545	-0.0402527950687486	-0.04854215270432735	0.09462617460268419	0.09932881792886285	0.07778209227746084	-0.00975009324268949	0.11756854039828718
working_out_activity	-0.01789610544401416	0.012466103776456142	0.054777185272280884	0.0786715519470971	0.008928722949226765	0.02879506369272969	0.02018655179872818	-0.039015866003324316	-0.022281403517471803	0.0	0.0	0.07698762962699723	-0.012091397103548568	0.0	-0.006962720435836135	-0.04247014866764023	-0.009859653694760296	0.0	0.43010826839765737	-0.08830730588187546	-0.009859653694760315	-0.027473297647531123	0.08974063415434004	0.0	0.14059001197610926	-0.07265277610538791	1.0	-0.045157729088893615	-0.030683594136247792	-0.013980301652228822	-0.04711109658483792	-0.03966772933529463	-0.024473579735584648	0.0	-0.006962720435836156	-0.022281403517471716	0.9341729203380055	-0.03595846340350009	-0.01565105948570235	-0.030218580152355366	0.0	0.11823600129681994	-0.006962720435836142	0.010874850358611042	-0.02042343811220208	-0.017167540087486804	0.038663300607795915	-0.0274732976475311	-0.04449533383947976	0.010088437179538801	0.06240591291804083	0.12110975405764877	-0.03867196916486615	0.03265416993976673	0.01604973695512027	-0.041761854095899956	0.01483786107276364	0.039328019989228045	0.021221359901626546	-0.006472049361030501	-0.014590511048630789	0.028767747289518912	-0.03050782202415711	-0.036171544175772764	-0.030858136574928308	0.021208731732041037	-0.05337758043386764	-0.014007093557514724	-0.039383158465096206	-0.021874085233004225	-0.03797560715025738	0.07453071132192947	0.14296568489342798	-0.05568607750102662	-0.055831766782487836	-0.060807879690531225	0.17932902651059207	0.010228689647132062
feedly_activity	-0.02007870727056572	-0.08457235236706075	0.010836218450726328	0.07049163123399142	-0.19364425002628516	-0.02020566511674225	0.05191709204934648	-0.06468822512791483	0.11009095815357746	0.0	0.0	0.07946119507431536	0.069648345028766	0.0	-0.0169337974960745	-0.011192438256929931	-0.023979331151824955	0.0	-0.029407079012145464	-0.09988570276386455	-0.023979331151824997	-0.06681688044205043	0.0430098925592722	0.0	-0.11179340707914628	-0.1346831123696987	-0.045157729088893615	1.0	0.28459228491119776	0.13779360755444645	-0.11457730878862304	-0.03148116776961659	-0.05952136769895388	0.0	-0.016933797496074557	0.11009095815357356	-0.04833979673972402	0.12464406037138455	-0.03806441381242568	-0.03223403044493046	0.0	-0.08930975738355657	0.1541866824642574	-0.0936283932115404	0.06476078306214696	-0.04175259512804656	-0.09113842580642825	-0.021803403091616217	-0.04910494529851351	0.012339235110100278	-0.05230561428690484	-0.06545422064480662	-0.05746443031465247	0.10982490701013596	-0.06181306829732989	0.0049443027576960424	-0.08877908487090035	0.11490949669953339	-0.07682997238109984	-0.02161937502626673	-0.051450197325972606	0.034654463548973224	-0.03031304617154174	-0.04019083869266751	0.13183570643060932	-0.20658961328165545	-0.16997627686851158	0.014724834423361418	0.06935243798865356	0.005080398521489228	0.009722020326893828	0.04789826014408361	0.04993717676378172	0.06015312310087312	0.055910749615595626	0.06592038935189873	0.009943838202282165	0.02251023583676091
leisure_activity	0.030974328509475797	-0.1925322749834148	-0.05947250694129554	0.17217163878014846	-0.42414996774746644	-0.08275806824886536	0.1557538309157807	0.0679051635494219	-0.03204396370498689	0.0	0.0	-0.027725609684606134	-0.011340797474359019	0.0	0.06312811354105585	-0.06482743045069768	-0.05856809764491232	0.0	-0.0718250506709364	-0.3934128919768075	-0.058568097644912054	-0.10822489973671598	0.0867797061525374	0.0	-0.40091552977577166	0.6587127461628459	-0.030683594136247792	0.28459228491119776	1.0	0.07430385039545152	-0.1763870530136865	-0.05704807949295937	-0.14537741913146587	0.0	0.06312811354105577	-0.03204396370498681	-0.04349840290556233	0.06700284449726931	-0.09297007872518753	-0.12911672816229955	0.0	-0.09096267713244564	0.06312811354105584	-0.1293449157612904	0.1915230061965232	-0.059040035643408005	-0.055975492156224604	-0.10822489973671605	-0.15602949319786785	0.047438008834302756	-0.08572277197853398	-0.034309617402474374	-0.061346869404431514	0.056301573102321506	-0.036000159315623184	-0.022631990160579433	-0.15360468288609339	0.23075588031973332	-0.20599898874151587	-0.0514582583433313	-0.10694219957249039	0.06412814291506246	0.01934852384505543	0.09836204235724913	0.08497915477023667	-0.30334874178004034	-0.10455553648385942	-0.05672259177249395	-0.031303841890808544	-0.06104485554359782	-0.08310910811989133	0.08646267086333381	0.0842674669783298	0.11517592382779532	0.11717410310085037	0.12338768795033213	0.04933298879779795	0.08757448807954202
