	time	mood	unique_interactions	alone	morale	stress	fatigue	compulsions	with_parents_activity	schoolwork_activity	in_class_activity	studying_activity	work_activity	resting_activity	shopping_activity	email_activity	with_friends_activity	just_woke_up_activity	feedly_activity	getting_ready_activity	chatting_activity	ash_stuff_activity	commuting_activity	cooking_activity	tv_activity	errands_activity	working_activity	therapy_activity	meditation_activity	trying_to_leave_apt_activity	washing_up_activity	workshop_activity	eating_activity	leisure_activity	reading_activity	working_out_activity	with_k_activity	la_location	k_home_location	mountain_view_location	vacation_location	therapy_location	school_location	cafe_location	library_location	airport_location	home_location	parents_home_location	friend_home_location	Sadness_score	Analytical_score	Joy_score	Fear_score	Tentative_score	Anger_score	Confident_score	word_count	uniqueword_ratio	backspace_count	avg_dwelltime	avg_flighttime	avg_attention	avg_engagement	avg_valence	blinks	productivity_score	current_tabCount	current_windowCount	tabs_activated	tabs_created	windows_created	phone_unlocks	phone_use_secs	walking_distance	walking_duration	avg_walking_speed	stepCount	time_of_day
time	1.0	0.024513469325623233	0.06897357588228697	-0.17596062601864967	-0.08062382846509333	0.10006231631156663	0.41033578846967755	-0.05851508126050237	0.0	0.21465906069097274	0.19357723744678274	-0.06815518450437114	0.21642594186593206	-0.03881991189098585	-0.07004970702685669	-0.019054561489701114	0.12518863724448603	0.0	-0.029483938472266033	0.0	-0.04615148469107251	-0.25517911059793996	0.0	0.11498247355501637	-0.027468463736725263	-0.05448943312446248	-0.010266274994389776	0.026954829463665536	0.006072083721913398	0.0	-0.029392610774936347	0.0	-0.07725371068244366	0.02475719969251706	0.02457315858358916	-0.007393452307921343	-0.10374981697832429	-0.24563462846218642	-0.06686170491055331	-0.3609243196046851	-0.44721185684589937	0.0	0.27653115487657204	-0.027994750249208382	0.09195575674468079	0.0008082674670860817	2.2547470437026742e-05	0.01971499638741216	0.058957178956537716	-0.0343994086016623	-0.02368465652089215	-0.11537528077014898	0.010432848804029523	-0.1408426486663053	0.11047372341148783	-0.03722627775856348	-0.0630579616302251	0.02931878731368075	-0.05085239295602886	-0.042397418622523976	0.017147357458657777	-0.07034083018840932	0.09502931748680593	0.06497316364736622	0.042990766990583976	0.11733410520007907	0.4357606222891935	0.16570979728470508	0.350584207855691	0.22689055391563479	0.05872142849365858	0.11702146953224528	0.09172580738023853	0.0006052674600676517	0.003535561524973192	-0.014549721962368312	0.03355094384202266	-0.0258243160215782
mood	0.024513469325623233	1.0	0.1757276282554166	-0.3073980176474874	0.6031922427168488	-0.3719633388253494	-0.32033820391814394	-0.19085715808476514	0.0	0.09230298712666925	0.09083838827822975	0.03588858504433928	0.12030495990494629	0.030125527728687172	0.0030922429275130445	-0.0037898572279853235	0.3981056803690582	0.0	-0.09315491864694049	0.0	0.15183841837407508	-0.04945470808612928	0.0	-0.031498110548947966	-0.2430501344801241	-0.005581078675334525	0.06459234927696768	0.004378382985437522	-0.06890095945868108	0.0	-0.07965670447037522	0.0	0.0344038851111919	-0.17650395787035053	-0.0396837842364176	0.039327297209676065	0.22567450560329513	0.054581277412368415	0.13578376071991805	0.09312979852461653	0.10962948042154282	0.0	0.21755234921309408	0.1306081896887452	0.006948112621091484	0.003092242927513048	-0.2616494156108282	-0.12220491185062447	0.09526045691376092	0.031018205973277275	0.060055727536075555	0.09192738700220665	-0.07654239842682116	0.01062367753211957	0.04757281299586288	0.02464606371359605	0.15967765296297018	-0.17690509019400907	0.19461941331713017	0.0014951659946612034	-0.07061886275632606	-0.08995708448064405	0.22103010360576275	0.14921270219539828	-0.005261418650765355	0.09666096708173279	0.06500318344405445	0.1578857491653359	0.08849900249885168	0.058665815208875906	0.07751793359005885	-0.043122866733273334	-0.08032450359302969	-0.053962515927745605	-0.051311354790702965	-0.08071411792317461	0.059452123046819516	-0.026675010136135015
unique_interactions	0.06897357588228697	0.1757276282554166	1.0	-0.21155601943104654	0.0382507560591689	0.1518451442899426	-0.0693770585897146	-0.03666752980617563	0.0	-0.08863219918471933	0.030715566873785734	-0.03326330431922775	-0.07627368276636502	0.013534895915818109	-0.04976899250996327	0.06173313169873804	0.20692879631846658	0.0	0.013549968387970495	0.0	0.4246071241544917	0.15845323613822815	0.0	-0.0342217330629031	-0.17429522706425993	0.05279038741628857	0.03964757165134493	0.02733919941120478	0.19343822775062725	0.0	0.004092917633549243	0.0	0.03972075827297415	-0.05998555700727999	-0.015230310416928511	0.06739579055227007	0.04886070602342484	0.06702738350784916	-0.005574711425491311	-0.06114937936269362	-0.004593236013441353	0.0	0.16968726186799038	0.06177015757290413	-0.049743065544984845	0.01930837167610618	-0.19555915725787315	0.18542255621276027	0.014062721640909678	0.09319570062169555	-0.03813922471188534	0.11515907728701405	0.07315407562088547	0.10062563361163916	0.16800206155989264	-0.100312095905569	0.2468497985275808	-0.14994781463786855	0.09539623696511403	0.005662142936589998	-0.1962606776598514	0.03590349518839579	0.11276839843881016	0.10377462279939989	0.09503513620556309	-0.07122934735755235	-0.1411548177186058	-0.07504632558266483	0.18904277556903282	0.12132406957856821	0.0447595676925901	0.29355660424905217	0.19619309298461568	0.002798232877329132	0.007055557573628273	-0.020500938528784714	0.12229113771739189	0.019286869250480593
alone	-0.17596062601864967	-0.3073980176474874	-0.21155601943104654	1.0	-0.15558847527811878	-0.04763290095093008	0.02783406193060567	0.1052252308305113	0.0	-0.1408405952219326	-0.33487224889041495	0.00023987293247278852	-0.1237773313404053	-0.01629037662799261	0.02842080040036539	0.01834826141047996	-0.47189879777185423	0.0	0.07581828865593793	0.0	0.042089404221581576	0.07965793096817604	0.0	0.06386009333429647	0.1802258488195427	0.12690459937933524	0.0908675803185683	0.0402417118649716	0.049345606873141164	0.0	0.05704867471348358	0.0	0.044337179960827235	0.17172548104636615	0.028420800400365473	0.08107449720590285	-0.33487224889042166	0.041241948038618546	-0.21571084842780316	0.10745624943098261	0.11225449605979433	0.0	-0.5851885053711998	-0.2094486165246173	-0.19096624064390527	-0.08498912427416981	0.7424548796547825	-0.21761897025748794	-0.32097830820089884	-0.023586488638613037	0.0092408829887952	-0.022252272302593867	0.08271688035959623	0.034490668012814904	0.015285815312964968	-0.03894177391149265	-0.15888376481848887	0.11645060965059023	-0.18321254203597087	-0.0851726028986159	-0.0026491039088372068	0.12337536284594171	-0.08156845811393153	-0.011761746231279796	0.06666285353585397	-0.1833348316163953	0.034033309668844346	-0.03772655667629839	-0.20237882004748248	-0.09484054829642513	0.0003996487894999583	-0.05753284459190763	0.004053751269914879	0.10450070631312036	0.10151317766285806	0.12906315698771234	-0.13153348329914966	0.013059186501597904
morale	-0.08062382846509333	0.6031922427168488	0.0382507560591689	-0.15558847527811878	1.0	-0.27271615250437903	-0.5556963177384202	-0.1501890351419926	0.0	0.37116738758443024	0.06703144948989233	0.05012325560259391	0.3870329460000801	0.010532782533356773	0.017012291134457343	0.05439205473760301	0.12664334352217718	0.0	-0.18699550300400927	0.0	-0.12325082859304103	0.09842210900970128	0.0	-0.03555884011488462	-0.41144271840804814	-0.006300590125125551	0.04389312324173993	0.02408812237346544	-0.008472020733352443	0.0	-0.11415934264132666	0.0	0.06309972891206869	-0.41505814290639537	-0.11433842181065566	0.013402194872241136	0.1791662308846124	0.19226460243721538	0.07565720190487112	0.24145441553024186	0.31748254512104634	0.0	0.12071698267031332	0.1498263374214083	0.06773959041885504	0.017012291134457378	-0.25029084518925443	-0.03674055666642798	-0.007092697960806951	-0.07142827641937866	0.12923811258853815	0.022302210159168015	-0.10034156112410768	-0.04734233532529274	-0.006113552250057958	0.003852150955059556	0.08962791561588145	-0.0986418041570413	0.24530209532987957	-0.03127055176768488	0.11481950485741074	-0.08907637371471955	0.09935403770340748	-0.020805367373320154	0.008809290843911481	0.26571983164352947	0.19157660489325026	0.14370805161326683	0.0041659865473923936	0.009383383114800681	0.049093244387457574	-0.0739206556555696	-0.05989568946506287	-0.14708420185705973	-0.15122370140739586	-0.16735971401068706	0.05352335237273561	-0.2135821393598164
stress	0.10006231631156663	-0.3719633388253494	0.1518451442899426	-0.04763290095093008	-0.27271615250437903	1.0	0.14696906890300657	0.06855022782118693	0.0	-0.01115238648252273	0.024791153706469993	-0.06893706159998936	-0.010405586593143702	-0.03408997535971133	-0.03815293350711916	-0.015408424523814489	-0.03396527323190605	0.0	-0.022796148744444123	0.0	0.19424998968470167	0.06703463222604933	0.0	0.014137550783131921	-0.05057198227359161	0.020199897782836436	0.02899779893023386	-0.014690105701070136	0.09452220440647152	0.0	0.007053775587476957	0.0	-0.01825306310043566	-0.09263466860354709	-0.038152933507119194	0.01002444512567761	-0.1065492138022763	-0.07837987909439854	-0.00439559462880689	-0.07225290869953152	-0.10866069602595343	0.0	0.062167217056130195	0.008660172149528899	0.026620707325684542	0.045181105468956866	-0.1309519689726832	0.2657672369694202	-0.024826954470789517	0.07785562331525142	-0.03285410420677324	-0.07676472733602921	0.13197526137461268	0.030972432114087196	0.13094817256215976	-0.06663432122733794	0.10478724115372659	-0.1105356424617275	0.03366070415463625	-0.04750368815030959	-0.06514308904356778	0.032962199059044135	-0.06503246635736265	-0.08024260522196207	0.022259283076011833	0.01903291655841872	-0.08033230820379922	-0.019339256623070115	0.07756863584395733	0.009156174363185644	-0.018035829168493108	0.08595024845720702	0.06217782875100205	-0.07365914155227798	-0.07073189286413896	-0.08672806303703057	-0.004233751304219957	-0.07061479594014304
fatigue	0.41033578846967755	-0.32033820391814394	-0.0693770585897146	0.02783406193060567	-0.5556963177384202	0.14696906890300657	1.0	0.05662951248377131	0.0	-0.07979188469510684	0.018051562590382163	-0.01061649606614526	-0.08705676274769278	0.007954468878360047	-0.09428538255777283	-0.03884589892270343	-0.10098170787584873	0.0	0.051923654709489925	0.0	0.007376135696361269	-0.10284560071458854	0.0	0.07522995120964293	0.1913337717399658	-0.032087885527390135	-0.02425671516440303	-0.0042813730917676445	-0.005249949459717287	0.0	0.07407536449583983	0.0	-0.08990539903990906	0.1630596036144658	0.08823792361820754	0.02391652324218093	-0.04787274398969393	-0.12293190786159504	0.018051562590382035	-0.4062876732342504	-0.40280906567497865	0.0	-0.10780008031138018	-0.09179175734191866	-0.03755321045604496	-0.003023729469782818	0.27735887965402123	0.02102232487182111	0.01733283236255715	0.036528464921117394	-0.048750027597057745	-0.0654789825585079	0.14992038699518592	-0.024011575921076576	0.0655983009526805	0.024801890627099327	-0.030051979060872633	0.01457512516194535	-0.12898322690678243	0.06779201791198998	-0.045056324864976564	0.010161797095400686	-0.02536356257217582	0.07269921496725162	0.010263818827507678	-0.10899777353532238	-0.024368601247375138	-0.08331789838809055	0.07846961416419238	0.0888004374063029	0.07073185618908237	0.1284040711163362	0.11347341376688067	0.21239269343969644	0.21381500294953484	0.19563561511884658	-0.022036998785659324	0.26547734439755466
compulsions	-0.05851508126050237	-0.19085715808476514	-0.03666752980617563	0.1052252308305113	-0.1501890351419926	0.06855022782118693	0.05662951248377131	1.0	0.0	0.015976377570195363	-0.08902235207864583	0.03659101751192281	-0.009456964552693639	-0.09655044635277965	-0.0556086172252968	0.01220896409530926	-0.08982588166748394	0.0	-0.04044276945614409	0.0	-0.035793331948435335	0.0647841341932364	0.0	-0.03592975220221867	0.11868311953100982	-0.08996452895416866	-0.05112503714910698	-0.008617206451722363	0.018094575782852524	0.0	-0.012216185271957015	0.0	-0.03022159615416003	0.05883143467131779	0.04343677396997462	-0.052678669367901707	0.04106312719120678	0.09283167699266408	-0.010971064516734411	0.016558234451893864	0.07395061349937307	0.0	-0.175938482498507	0.02568327237885665	-0.03592975220221863	0.04343677396997469	0.06528329992677875	0.0481415455810697	0.019671796766844763	0.08322639650718763	-0.04854483649167591	-0.010979309905937071	-0.013277745753749123	-0.03084003559298251	0.007665785663289185	-0.00035669248151460296	0.04167113471556616	0.012168129106706558	-0.008656583410716848	0.05039818456408929	0.04066742840599251	0.06806443704790725	-0.04019070371063097	-0.03595871964837848	-0.1593617803151643	0.05910741215814865	0.03217393302467305	-0.01965249666666858	-0.046119518689800666	-0.058325509842924596	-0.02835861921557165	-0.12477041255298321	-0.06882651790424883	-0.011702297328259283	-0.007660822179767956	0.014785010954430513	-0.09287665509046361	0.08154321168840768
with_parents_activity	0.0	0.0	0.0	0.0	0.0	0.0	0.0	0.0	0.0	0.0	0.0	0.0	0.0	0.0	0.0	0.0	0.0	0.0	0.0	0.0	0.0	0.0	0.0	0.0	0.0	0.0	0.0	0.0	0.0	0.0	0.0	0.0	0.0	0.0	0.0	0.0	0.0	0.0	0.0	0.0	0.0	0.0	0.0	0.0	0.0	0.0	0.0	0.0	0.0	0.0	0.0	0.0	0.0	0.0	0.0	0.0	0.0	0.0	0.0	0.0	0.0	0.0	0.0	0.0	0.0	0.0	0.0	0.0	0.0	0.0	0.0	0.0	0.0	0.0	0.0	0.0	0.0	0.0
schoolwork_activity	0.21465906069097274	0.09230298712666925	-0.08863219918471933	-0.1408405952219326	0.37116738758443024	-0.01115238648252273	-0.07979188469510684	0.015976377570195363	0.0	1.0	-0.1287921191253912	-0.07440312608099103	0.9528446037771979	-0.07956355626603975	-0.04582494967776328	0.04251139668481753	0.05574116784114321	0.0	-0.09171115986388642	0.0	-0.16085175844563382	-0.2115712896034684	0.0	-0.014404616362927235	-0.3459346612431342	-0.19556452677984026	-0.11500851067410395	-0.06488467584240316	-0.022536136835285984	0.0	-0.09198377987605197	0.0	-0.054372105611392524	-0.3880554069678133	-0.04582494967776306	-0.09558650931828166	0.10415633846944501	0.15721860654343953	0.13003950042442658	0.06744959436068616	0.15649988441350335	0.0	0.03219854081234701	0.1299007934812323	0.11843795676184607	-0.04582494967776315	-0.16786172338788274	0.07791736074739423	-0.012720843169343089	0.0030994907654449733	0.15804204825979537	-0.059676095068423654	-0.06778976020463431	-0.15450912535133682	-0.0056853741191396235	-0.016343433240760905	0.013265130137609637	-0.03662927893140872	0.20383521950229794	-0.032665164503977384	0.22435613530351356	0.048701792465959015	-0.08269723266332912	-0.14819217727329986	0.024717647173255374	0.3016929939957608	0.33214380820368145	0.06502102568190068	0.04890427334415689	0.06916244223958103	0.0561648383991853	-0.07578378043327122	-0.08065636846940026	-0.09674803897689217	-0.10190715189863045	-0.11958809367289888	-0.04727299685845897	-0.030724449528388886
in_class_activity	0.19357723744678274	0.09083838827822975	0.030715566873785734	-0.33487224889041495	0.06703144948989233	0.024791153706469993	0.018051562590382163	-0.08902235207864583	0.0	-0.1287921191253912	1.0	-0.033415943951558634	-0.13784218730102835	-0.016524474346471193	-0.00951733734533605	-0.030429030972509104	0.028043695919452355	0.0	-0.06324555320336771	0.0	-0.05597463058323362	-0.06411678849447253	0.0	-0.021384973069207672	-0.10118166860330846	-0.06668912469885736	-0.030429030972509118	-0.013475832551423083	-0.016524474346471033	0.0	-0.0191040179975218	0.0	-0.060585764999997224	-0.15653112160804453	-0.009517337345336004	-0.027149599207000177	-0.03750000000000047	-0.04123411074788504	-0.03750000000000047	-0.05108361853348096	-0.0675337753336121	0.0	0.5552777082985888	-0.02345468502002859	-0.021384973069207638	-0.009517337345336012	-0.26424909878161706	-0.05006422610226317	-0.049029033784546046	-0.03983171914720865	-0.013388612604260518	-0.11151966005470777	-0.05558014411026924	-0.0016464065132578004	-0.032767462781478865	0.10254377744205272	-0.04959881162072698	0.09965817110839367	-0.10751213962554262	-0.00999974155847924	-0.023672833572554237	-0.2760594901736718	0.15338254212775695	0.05059144974046099	0.0032474073207271114	0.052356965046296784	0.012517456618393784	-0.046116549210788955	0.08553271344107559	-0.018889729067467845	-0.03641995475435513	0.003748826756734513	-0.015924901880566122	-0.07643480954409704	-0.07663870743750899	-0.08327421749103396	0.23097973365316618	-0.15101838899736353
studying_activity	-0.06815518450437114	0.03588858504433928	-0.03326330431922775	0.00023987293247278852	0.05012325560259391	-0.06893706159998936	-0.01061649606614526	0.03659101751192281	0.0	-0.07440312608099103	-0.033415943951558634	1.0	-0.08255676485731515	-0.014724824229083855	-0.008480821634661767	-0.027115061159403056	-0.05478469184535658	0.0	0.08981991909373394	0.0	-0.0498785364874267	-0.057133946951605875	0.0	-0.019055974972966093	-0.09016215911928832	-0.05942613474974769	-0.02711506115940306	-0.012008204406371665	-0.014724824229083664	0.0	-0.017023434524126586	0.0	0.04693506207903123	-0.05124321463029647	-0.00848082163466187	-0.024192786277556857	0.19771100171338957	-0.03674337956383127	0.1977110017133896	-0.045520195566869724	-0.06017879603693823	0.0	-0.06017879603693735	-0.020900278400819355	-0.01905597497296611	-0.00848082163466183	0.035974616227963344	-0.044611823290970055	-0.04368937186515954	-0.06711887827002103	-0.023522069260746965	0.05521481347260309	0.07029129311239857	0.013119004173997853	0.12295119557934747	-0.0506947296743993	0.0390172132622367	-0.056003002609876444	0.04104298498644158	0.2795349606762536	-0.06695276512558887	0.02877530654678163	-0.004171917939088944	-0.052341314396250595	0.03745896768362581	0.06747829622958107	-0.1512166779395657	0.022461360841854596	-0.014311226401002798	0.0049447942863552275	-0.049610483232197404	-0.06813075500772306	-0.03686284239264974	0.016526221237402296	0.021765652494679544	0.03649828792013138	-0.05195508163712757	0.032933934591764406
work_activity	0.21642594186593206	0.12030495990494629	-0.07627368276636502	-0.1237773313404053	0.3870329460000801	-0.010405586593143702	-0.08705676274769278	-0.009456964552693639	0.0	0.9528446037771979	-0.13784218730102835	-0.08255676485731515	1.0	-0.08350108291597537	-0.04809278396089682	0.03484290611074737	0.040313978016265045	0.0	-0.1072518834737151	0.0	-0.17442977451985117	-0.22706400698203638	0.0	-0.019696036864943787	-0.3703568227142421	-0.1804181932204099	0.16058034990170594	-0.06809575830643505	0.030301706608260693	0.0	-0.09653597187979673	0.0	-0.0355022145010059	-0.3867226680228024	-0.04809278396089659	0.1432741037428977	0.09459147841876445	0.1466069710905754	0.12041744127651995	0.09367443640471454	0.17034985738685682	0.0	0.03081987551406925	0.12377527009496722	0.11285296798292115	-0.04809278396089669	-0.1726068480220707	0.08517458059191357	-0.02489728087866411	0.006442982980895822	0.1689265799007142	-0.03697432466366108	-0.062183235348574284	-0.15091408916581886	-0.008209041154562276	-0.030468799827395473	0.007992788924287618	-0.05472746256724712	0.20189590572152086	-0.03436819894132255	0.213849865172252	0.059610799199965536	-0.09782301636534912	-0.1603156517544782	0.01653832508284058	0.29322005752661956	0.3269660419097553	0.0859469620656926	0.03179977077604282	0.05307650150875855	0.042182118412975395	-0.07909758631731803	-0.05484465135844273	-0.1155607664930554	-0.12075923358309006	-0.14005284627729045	-0.006450570150559098	-0.038731084404558885
resting_activity	-0.03881991189098585	0.030125527728687172	0.013534895915818109	-0.01629037662799261	0.010532782533356773	-0.03408997535971133	0.007954468878360047	-0.09655044635277965	0.0	-0.07956355626603975	-0.016524474346471193	-0.014724824229083855	-0.08350108291597537	1.0	-0.0041938399149256895	-0.0134086331118189	-0.02709150566838014	0.0	0.06851207973867547	0.0	-0.024665369256688784	-0.02825323271080066	0.0	-0.00942334503685591	-0.04458597032449351	0.15539351630946976	-0.013408633111818911	-0.005938161314488791	-0.007281553398058086	0.0	-0.008418236141721831	0.0	-0.026697277853433985	-0.010795001450656353	-0.0041938399149257415	-0.011963542816347754	0.1358679001820973	-0.01816992014007923	0.1358679001820973	-0.0225101318395049	-0.029758937013883904	0.0	-0.029758937013883352	-0.010335369091147165	-0.009423345036855917	-0.00419383991492572	0.002875112726844296	-0.022060933864074084	-0.021604773626800258	0.058151045521531254	0.02001388487654399	0.007740699222937811	0.07434527604383787	0.02882090184158516	-0.03176822939687622	-0.025068983872497497	0.037804291177519385	-0.03796905313372166	0.019004025929615264	-0.009471374280933136	-0.08458485608860876	-0.12456178519699819	-0.016615236034635238	-0.010675551262142051	0.027183340668888178	-0.07603950934022506	-0.1099945433111347	0.011107337908996984	0.02426408805220814	-0.014122529924631035	0.01788851064231768	0.15368088644666625	0.18909808533076405	0.029942235176188447	0.024803206558950287	0.04829655814609367	-0.02055532087374766	0.07121107137263971
shopping_activity	-0.07004970702685669	0.0030922429275130445	-0.04976899250996327	0.02842080040036539	0.017012291134457343	-0.03815293350711916	-0.09428538255777283	-0.0556086172252968	0.0	-0.04582494967776328	-0.00951733734533605	-0.008480821634661767	-0.04809278396089682	-0.0041938399149256895	1.0	-0.0077227560761879786	-0.015603461461642307	0.0	-0.016051447078102674	0.0	-0.014206118454431883	-0.01627256281603873	0.0	-0.0054274134085486	-0.02567946862031143	-0.016925410587311968	-0.00772275607618798	-0.00342010785069742	-0.0041938399149256565	0.0	-0.004848516904900938	0.0	-0.015376404368806024	0.06080156615223978	-0.002415458937198054	-0.006890450518498316	-0.00951733734533616	-0.010465038456601673	-0.00951733734533616	0.18630898942873753	0.14092707387260747	0.0	-0.017139779254776607	-0.00595269732437883	-0.005427413408548616	-0.0024154589371980523	-0.06706527510148437	-0.012706083433290782	-0.012443356113157483	-0.0357538541185184	-0.02709566486821769	-0.052298296004996615	-0.014105999498661856	0.06534995720726929	-0.01829703927003664	-0.014438581912912191	-0.033204861182918835	0.07093559347028883	-0.040694339451457624	0.005784003211950383	-0.01806051000578039	0.015648154568938654	-0.036963519524909644	-0.003241835708271762	-0.03754371024449263	-0.018829285950368705	-0.02278553357671491	-0.023771844178168067	0.020962498400360546	0.10398781209587074	-0.014129773064930398	-0.03423690577717876	-0.027564220361985237	-0.019398823129537675	-0.01945057153048777	-0.0211346352008281	-0.013981713677063173	-0.030803990883381642
email_activity	-0.019054561489701114	-0.0037898572279853235	0.06173313169873804	0.01834826141047996	0.05439205473760301	-0.015408424523814489	-0.03884589892270343	0.01220896409530926	0.0	0.04251139668481753	-0.030429030972509104	-0.027115061159403056	0.03484290611074737	-0.0134086331118189	-0.0077227560761879786	1.0	-0.049887714900358815	0.0	0.10841355054782906	0.0	-0.045420100471786136	0.05329593053928811	0.0	-0.017352640209845026	-0.08210293674080583	-0.054114278426428214	-0.024691358024691284	-0.010934840695669343	-0.013408633111818774	0.0	-0.015501780142558874	0.0	0.005979133361118225	-0.030592206297418552	-0.007722756076187947	-0.022030293204293887	0.05375795471809944	0.1208243142957498	0.05375795471809945	-0.04145133361448379	0.04627527050076669	0.0	-0.054799662435118926	-0.019032088984664065	-0.017352640209845067	0.31277162108560963	-0.016677306097476766	0.024218247429278868	0.026257545381445566	-0.05124835574979416	0.09692554622566622	0.01204149213032168	-0.0450999980423445	-0.007109329405486962	0.08636658542053045	-0.0063112316544932014	0.06454427672213951	-0.04978214155218373	0.11071930806397452	-0.005995508467892471	-0.05833564938274765	0.023845519630265433	0.042987222306203034	0.004651541419031711	0.03304758826483122	-0.01863253812450431	-0.018376674148203407	-0.04706659803176273	-0.006255362439563527	0.03729972144405522	0.025129154109592294	0.05929440394861011	0.06060698363828531	-0.028450095378585186	-0.030251484914173996	-0.022131620445259334	0.003134854424578741	-0.10504770863788955
with_friends_activity	0.12518863724448603	0.3981056803690582	0.20692879631846658	-0.47189879777185423	0.12664334352217718	-0.03396527323190605	-0.10098170787584873	-0.08982588166748394	0.0	0.05574116784114321	0.028043695919452355	-0.05478469184535658	0.040313978016265045	-0.02709150566838014	-0.015603461461642307	-0.049887714900358815	1.0	0.0	-0.018759643928097324	0.0	0.064827058224108	-0.021118065602985757	0.0	-0.03506018448606886	-0.06410756934559689	-0.027922359129328632	-0.04988771490035886	-0.0220933257118091	-0.027091505668379413	0.0	-0.03132060972210116	0.0	0.017944215707262814	-0.06864585863887043	-0.015603461461642171	-0.04451115995515874	-0.06148041028495549	0.014429752311548447	-0.06148041028495549	-0.08375044870075946	-0.05697877130183421	0.0	0.3998226281691195	0.031538559540512545	0.041518639522976054	-0.015603461461642211	-0.3631366598843397	-0.0820791776364227	0.4112174048822811	0.1010038590336367	-0.05374114983349567	0.09170385511035843	-0.09112240169589951	0.04227468769863916	0.08158945278864523	0.09738021570251104	0.09563042021966828	-0.06443417320559822	0.06648148937452135	-0.0245784375244893	-0.05484052979342941	-0.00332003334153077	0.1029358599163358	0.12441001361280721	0.016352022798956856	0.03673355367930436	-0.023061179162752035	0.0772259650241631	0.1933810372950627	0.13765267981588605	0.07070885560601715	0.0021118374906644146	-0.0824367845425068	-0.003608219794386105	-0.0027990701135074854	-0.022486082963551004	0.1811552364454258	-0.04550665233494273
just_woke_up_activity	0.0	0.0	0.0	0.0	0.0	0.0	0.0	0.0	0.0	0.0	0.0	0.0	0.0	0.0	0.0	0.0	0.0	0.0	0.0	0.0	0.0	0.0	0.0	0.0	0.0	0.0	0.0	0.0	0.0	0.0	0.0	0.0	0.0	0.0	0.0	0.0	0.0	0.0	0.0	0.0	0.0	0.0	0.0	0.0	0.0	0.0	0.0	0.0	0.0	0.0	0.0	0.0	0.0	0.0	0.0	0.0	0.0	0.0	0.0	0.0	0.0	0.0	0.0	0.0	0.0	0.0	0.0	0.0	0.0	0.0	0.0	0.0	0.0	0.0	0.0	0.0	0.0	0.0
feedly_activity	-0.029483938472266033	-0.09315491864694049	0.013549968387970495	0.07581828865593793	-0.18699550300400927	-0.022796148744444123	0.051923654709489925	-0.04044276945614409	0.0	-0.09171115986388642	-0.06324555320336771	0.08981991909373394	-0.1072518834737151	0.06851207973867547	-0.016051447078102674	0.10841355054782906	-0.018759643928097324	0.0	1.0	0.0	-0.03318887321803802	-0.10813604687883313	0.0	0.11361037396809642	-0.13086189776222532	0.07317227604455422	-0.051320023927966786	-0.022727639589085427	-0.027869320571664753	0.0	0.051350377933065613	0.0	0.04107944564119058	0.2871372674949693	-0.016051447078102625	-0.045789104562571535	-0.06324555320336876	-0.02945931904648696	-0.019500712237705237	-0.08615497903412879	-0.08763892160781615	0.0	-0.0613788837253283	-0.03955745411473237	-0.03606678538669732	0.15048231635721118	0.06808829066491927	-0.0844357246809635	0.12320783635861375	0.021629799298058507	-0.053167235371272964	-0.050173844835193035	-0.025217022840500605	0.09950824283736576	-0.04889592265441476	0.007356581249083742	-0.048257705410738726	0.09980837409160577	-0.05220868608341512	-0.018384308651163177	-0.047469617283046384	0.03966425506466791	-0.045713460545814086	-0.0491483859154446	0.11398419712422851	-0.1948173544782932	-0.17365662021989647	-0.007608695652173869	0.04573751349259615	-0.006890246360155024	-0.008656089871259114	0.05288606000577683	0.053779062774522386	0.05841198592944172	0.054611793658446636	0.06458015100335383	0.009386435684203597	0.03903872328100037
getting_ready_activity	0.0	0.0	0.0	0.0	0.0	0.0	0.0	0.0	0.0	0.0	0.0	0.0	0.0	0.0	0.0	0.0	0.0	0.0	0.0	0.0	0.0	0.0	0.0	0.0	0.0	0.0	0.0	0.0	0.0	0.0	0.0	0.0	0.0	0.0	0.0	0.0	0.0	0.0	0.0	0.0	0.0	0.0	0.0	0.0	0.0	0.0	0.0	0.0	0.0	0.0	0.0	0.0	0.0	0.0	0.0	0.0	0.0	0.0	0.0	0.0	0.0	0.0	0.0	0.0	0.0	0.0	0.0	0.0	0.0	0.0	0.0	0.0	0.0	0.0	0.0	0.0	0.0	0.0
chatting_activity	-0.04615148469107251	0.15183841837407508	0.4246071241544917	0.042089404221581576	-0.12325082859304103	0.19424998968470167	0.007376135696361269	-0.035793331948435335	0.0	-0.16085175844563382	-0.05597463058323362	-0.0498785364874267	-0.17442977451985117	-0.024665369256688784	-0.014206118454431883	-0.045420100471786136	0.064827058224108	0.0	-0.03318887321803802	0.0	1.0	-0.004887341623187555	0.0	-0.031920425802167765	-0.04099220825282728	0.017816109431294122	-0.04542010047178611	-0.02011479330313128	-0.024665369256688698	0.0	-0.028515742668446156	0.0	0.06805445587160823	-0.04888427507141659	-0.014206118454431893	-0.04052503429585833	-0.055974630583234646	0.07148587472064562	-0.05597463058323459	-0.03962545116183992	0.015400725699292751	0.0	-0.042702012166220805	-0.03500979545179164	-0.03192042580216777	-0.01420611845443189	0.06026063057362513	0.11164397166527443	-0.0731835214384765	0.05446036267745177	0.04322981197469413	0.0046732220496447045	0.12253818919185544	0.025255004098458142	0.10579418026928067	-0.018258663812502997	0.051593008568426316	-0.09518530776804615	-0.019260831396664225	-0.021946481524213673	-0.11923471755032425	0.03254518396251921	0.10527897373951224	0.10460977290631283	-0.03721665015576471	-0.17203492561032466	-0.07138108594757643	-0.056637533643826315	-0.03339034682907465	0.0025831434927776494	0.05161407143376815	0.22277746430369091	0.13444384772962434	0.09573000197789121	0.09569978765754009	0.09747665529207206	-0.03728056289144619	0.026253806244654714
ash_stuff_activity	-0.25517911059793996	-0.04945470808612928	0.15845323613822815	0.07965793096817604	0.09842210900970128	0.06703463222604933	-0.10284560071458854	0.0647841341932364	0.0	-0.2115712896034684	-0.06411678849447253	-0.057133946951605875	-0.22706400698203638	-0.02825323271080066	-0.01627256281603873	0.05329593053928811	-0.021118065602985757	0.0	-0.10813604687883313	0.0	-0.004887341623187555	1.0	0.0	-0.03656362120635633	-0.07462308429918989	-0.03533220856301217	-0.052026979812163365	-0.023040722812973632	0.06707271505328113	0.0	-0.032663687502444846	0.0	-0.046911816046632075	-0.16852500141561685	-0.016272562816038675	-0.04641986960173061	-0.020850988128283905	0.04843382005755862	-0.020850988128283905	-0.021855175321096758	0.014394380799112911	0.0	-0.0635230283091298	0.02755000588499571	-0.036563621206356416	-0.016272562816038737	0.09019836411664807	-0.052274728327354233	-0.01594793930157129	-0.009365975008353199	-0.12414954544217212	0.06193986117655871	0.07399089146669159	0.009096779339291603	-0.09764626096991523	-0.018633800864103642	0.10950778203595724	-0.11552652927248529	0.08949576206650245	-0.0050551632976045275	0.06632958583120878	0.02156973211704635	0.0440987509168693	-0.034248241022522496	-0.05515018963263096	0.05123762062047131	-0.12950645534056904	-0.011431402092506522	-0.06406612072771563	0.012623659684541396	0.09751174274769457	-0.051140489831873276	-0.06584158342108286	0.04292845571431724	0.043930887228436084	0.057200284514191194	0.007209148986825367	-0.02882537671815707
commuting_activity	0.0	0.0	0.0	0.0	0.0	0.0	0.0	0.0	0.0	0.0	0.0	0.0	0.0	0.0	0.0	0.0	0.0	0.0	0.0	0.0	0.0	0.0	0.0	0.0	0.0	0.0	0.0	0.0	0.0	0.0	0.0	0.0	0.0	0.0	0.0	0.0	0.0	0.0	0.0	0.0	0.0	0.0	0.0	0.0	0.0	0.0	0.0	0.0	0.0	0.0	0.0	0.0	0.0	0.0	0.0	0.0	0.0	0.0	0.0	0.0	0.0	0.0	0.0	0.0	0.0	0.0	0.0	0.0	0.0	0.0	0.0	0.0	0.0	0.0	0.0	0.0	0.0	0.0
cooking_activity	0.11498247355501637	-0.031498110548947966	-0.0342217330629031	0.06386009333429647	-0.03555884011488462	0.014137550783131921	0.07522995120964293	-0.03592975220221867	0.0	-0.014404616362927235	-0.021384973069207672	-0.019055974972966093	-0.019696036864943787	-0.00942334503685591	-0.0054274134085486	-0.017352640209845026	-0.03506018448606886	0.0	0.11361037396809642	0.0	-0.031920425802167765	-0.03656362120635633	0.0	1.0	-0.0038899186663895976	0.03370888502549645	-0.017352640209845015	-0.007684808431928865	-0.00942334503685586	0.0	-0.010894370943750913	0.0	0.19796215496596994	0.0462650690580283	-0.005427413408548593	-0.015482491943506047	-0.02138497306920785	-0.023514409276699583	-0.021384973069207853	-0.029131248176431073	-0.03851221244723272	0.0	-0.03851221244723215	-0.013375408200001545	-0.01219512195121951	-0.005427413408548589	0.08092732640454817	-0.028549923384736504	-0.027959588455780972	0.06387532994963445	-0.06088258117519183	-0.029888759503438434	0.059794862224427967	-0.018327106586496757	-0.04111251685616731	-0.032442759372871735	-0.033273372570322035	0.022888414716706013	-0.04746810183391343	-0.00756535935315678	-0.002401770290529	-0.050741252944773774	0.011941224314089723	0.017197731235508433	0.03517903177715301	0.01619867132529549	0.08005854752132457	0.02793215716089321	0.0357972676696988	0.021389343286390347	0.0011905830597762363	0.036154774071077755	0.04631359935145789	0.032173506409824595	0.029757041187516993	0.07726447004811411	0.14180876455455818	0.032218860896408755
tv_activity	-0.027468463736725263	-0.2430501344801241	-0.17429522706425993	0.1802258488195427	-0.41144271840804814	-0.05057198227359161	0.1913337717399658	0.11868311953100982	0.0	-0.3459346612431342	-0.10118166860330846	-0.09016215911928832	-0.3703568227142421	-0.04458597032449351	-0.02567946862031143	-0.08210293674080583	-0.06410756934559689	0.0	-0.13086189776222532	0.0	-0.04099220825282728	-0.07462308429918989	0.0	-0.0038899186663895976	1.0	-0.04645517058758243	-0.08210293674080622	-0.03636019262324723	-0.04458597032449327	0.0	-0.051546037813784	0.0	0.0631446479109493	0.6463996907699171	-0.025679468620311462	-0.07325444665800918	-0.10118166860330753	-0.08243571510509501	-0.10118166860330757	-0.06642124490865924	-0.10669201682338807	0.0	-0.1822181353422895	-0.06328491111710671	-0.05770046021811268	-0.025679468620311452	0.2228282504755158	-0.062403999859765386	0.04042991250772465	0.026828673515127247	-0.07259773040829129	-0.010348043896342835	-0.015696162661309826	-0.00586167139911731	-0.0700025165968477	0.05002723916821563	-0.1779032592047653	0.21191996811795688	-0.21988945365596185	-0.03418055924180844	-0.04949655285794563	0.04428482162143731	0.0219540532656293	0.1430035182595471	-0.040706722900376635	-0.23978208030309492	-0.07070013965588731	-0.03649815232618179	-0.14456595937453537	-0.13149836667056605	-0.11519515400881458	-0.022338742044077726	-0.03409562410219101	0.09298322404619419	0.0979246672076043	0.07795792231471242	-0.008951522076754407	0.13822507662221775
errands_activity	-0.05448943312446248	-0.005581078675334525	0.05279038741628857	0.12690459937933524	-0.006300590125125551	0.020199897782836436	-0.032087885527390135	-0.08996452895416866	0.0	-0.19556452677984026	-0.06668912469885736	-0.05942613474974769	-0.1804181932204099	0.15539351630946976	-0.016925410587311968	-0.054114278426428214	-0.027922359129328632	0.0	0.07317227604455422	0.0	0.017816109431294122	-0.03533220856301217	0.0	0.03370888502549645	-0.04645517058758243	1.0	0.04796492860524289	0.08905215549205597	0.06300338841773602	0.0	-0.033974139692958406	0.0	0.0021178242815059114	-0.022220324941560895	-0.016925410587312034	0.06556505131552619	-0.02475581144124204	-0.07332978009365694	0.0171775018163724	-0.02737612585204112	-0.0697553349400564	0.0	-0.1201004897228767	-0.04171126437528345	-0.038030536951842296	-0.01692541058731201	0.07179553781566182	-0.024437393405372668	0.07728389731452145	-0.02496572662213584	0.08488400802905667	0.05001176457837887	0.010293544131411321	0.09783326675380197	-0.010537858314262087	-0.0028514096714745735	-0.05789800997678608	0.09136540676280969	-0.07275408712672629	-0.02909600455051407	-0.10675427656961597	0.029066621503050838	-0.027760030132259597	-0.020986638968074473	0.04828210120378641	-0.17885217810993273	-0.11314689143191746	-0.008022971219998315	-0.021142788540297806	-0.039519623645655116	-0.06399020158562041	0.044525322264730986	0.05564823224887303	-0.04360882826643312	-0.03962994042069953	-0.041796414156531826	0.0009271233908401102	-0.07206457479384093
working_activity	-0.010266274994389776	0.06459234927696768	0.03964757165134493	0.0908675803185683	0.04389312324173993	0.02899779893023386	-0.02425671516440303	-0.05112503714910698	0.0	-0.11500851067410395	-0.030429030972509118	-0.02711506115940306	0.16058034990170594	-0.013408633111818911	-0.00772275607618798	-0.024691358024691284	-0.04988771490035886	0.0	-0.051320023927966786	0.0	-0.04542010047178611	-0.052026979812163365	0.0	-0.017352640209845015	-0.08210293674080622	0.04796492860524289	1.0	-0.010934840695669332	0.3575635496484975	0.0	-0.015501780142558827	0.0	0.061120029913650696	-0.030592206297418354	-0.007722756076187948	0.8922268747738967	-0.03042903097250962	-0.03345904088190044	-0.03042903097250961	0.08597313638559437	0.046275270500766866	0.0	-0.05479966243511882	-0.019032088984664065	-0.01735264020984503	-0.007722756076187961	-0.0166773060974773	0.08906065183670374	-0.039784159668857566	0.010921380783391702	0.0707219672074571	0.10432472490258916	0.0177877014391069	0.01060598168213325	-0.008267558281742025	-0.046163337526585656	0.0016698102887479033	-0.05746928122734812	0.004705286420938905	-0.01033117062690772	-0.07473803934468082	0.0327594566063366	-0.052935152695252154	-0.0352441643981825	-0.04136782101430363	-0.011560997740421868	-0.03783157152449027	0.03974512722682179	-0.03440449341759911	-0.033633156069288545	-0.04517600738803182	0.02593539120080758	0.09674963093052256	-0.06202232498653786	-0.062187776061574086	-0.06757209981989655	0.13738904463756818	-0.026321209162089743
therapy_activity	0.026954829463665536	0.004378382985437522	0.02733919941120478	0.0402417118649716	0.02408812237346544	-0.014690105701070136	-0.0042813730917676445	-0.008617206451722363	0.0	-0.06488467584240316	-0.013475832551423083	-0.012008204406371665	-0.06809575830643505	-0.005938161314488791	-0.00342010785069742	-0.010934840695669343	-0.0220933257118091	0.0	-0.022727639589085427	0.0	-0.02011479330313128	-0.023040722812973632	0.0	-0.007684808431928865	-0.03636019262324723	0.08905215549205597	-0.010934840695669332	1.0	-0.005938161314488738	0.0	-0.006865134602506066	0.0	-0.021771829977062288	-0.056250324903371896	-0.0034201078506974265	-0.009756358740047563	-0.013475832551423312	-0.01481770591587525	-0.013475832551423315	-0.01835718105274554	-0.02426863594563206	0.0	-0.024268635945631667	-0.008428570876700618	-0.0076848084319288855	-0.003420107850697424	-0.021981337080527914	0.12559001916962095	-0.01761885465169637	0.10667059272113828	-0.03836541980016217	-0.011243217434093365	-0.01997303240570536	0.08431088813001433	0.09672305182880678	-0.020443944044261978	-0.036910667383498054	0.05490899583260371	-0.041677086249010654	-0.007249767271323285	-0.011225376487464748	0.0007164417464433164	0.06421263752775908	0.06303655300050795	-0.029619288970648645	0.0001784033780351724	0.010816482561985493	0.03041674591745849	0.018798168202587978	0.005371900401735054	0.1356703935804079	0.008009678684581903	-0.010302298278871368	-0.027467271853764234	-0.0275405436902769	-0.029925050953599104	0.11690153184191804	-0.021825567467862676
