index	mood	social	alone	morale	stress	fatigue	compulsions	studying_activity	eating_activity	trying_to_leave_apt_activity	ash_stuff_activity	with_friends_activity	working_activity	working_out_activity	washing_up_activity	shopping_activity	getting_ready_activity	meditation_activity	schoolwork_activity	therapy_activity	in_class_activity	chatting_activity	resting_activity	workshop_activity	reading_activity	with_parents_activity	feedly_activity	tv_activity	errands_activity	leisure_activity	work_activity	with_k_activity	commuting_activity	just_woke_up_activity	cooking_activity	email_activity	therapy_location	k_home_location	home_location	vacation_location	cafe_location	maryl_home_location	parents_home_location	mountain_view_location	la_location	dawn_home_location	airport_location	michelle_home_location	school_location	library_location	Sadness_score	Analytical_score	Joy_score	Fear_score	Tentative_score	Anger_score	Confident_score	word_count	uniqueword_count	char_count	backspace_count	avg_dwelltime	avg_flighttime	avg_attention	avg_engagement	avg_valence	blinks	productivity_score	current_tabCount	current_windowCount	tabs_activated	tabs_created	windows_created	phone_unlocks	phone_use_secs
mood	1.0	0.09561777901886585	-0.3005600498046616	0.5829177594054695	-0.49907645234495895	-0.31665298424231614	-0.08453591626502148	0.09082388675109283	0.0794946494288483	0.0	-0.10124029455753979	0.40335693892356383	0.016768431373255933	-0.03136098498884413	-0.10027383011836552	0.006770205022424731	0.0	-0.07812813792308086	0.12730271912579832	0.05844943669359995	0.05844943669360006	0.045495241280217515	0.04621871914546697	0.0	0.0	0.0	-0.05772284555655617	-0.1482811787038488	-0.053290004157810586	-0.10254867213406935	0.1444248470592171	0.27498037186851143	-0.0449090266487506	0.0	0.0	-0.017667022115612777	0.0	0.1923419136560586	-0.2755102231926009	0.13640814912383026	0.15671850723308572	0.005169925450991925	-0.13168745101391777	0.11285339999677098	0.06781048010975872	0.186476228844152	0.006770205022424704	0.04621871914546692	0.1874337995721712	0.0	-0.09778166137119257	0.10070933300016535	0.06939460940608322	-0.15168403017139695	-0.042652740759121656	-0.1486349920470912	0.04994163502297153	0.049711212065527643	0.019158047547215756	0.05209229513703703	0.10446713835975875	-0.03276375017450755	-0.00966331856702174	-0.12428835378257899	0.07152802393438168	0.06260214590398136	-0.02924202379354412	0.14101066807294887	-0.014639681530933174	0.012243739849145759	-0.023374154521609337	-0.012718814522253744	0.06845663685006052	-0.01912955030798732	0.004452584979937583
social	0.09561777901886585	1.0	-0.16595367668060085	-0.0013164446915647722	0.1993648676552827	0.0464129662447685	-0.004133815226980344	-0.10373281381729924	0.01944527152934863	0.0	0.14177442536374202	0.10825803031608601	0.07336940084796559	0.0909269846384068	-0.0012751340746452908	-0.06957497977010565	0.0	0.2506583121606026	-0.01660375495312826	-0.023791444231731518	0.021992091306642564	0.3821302813906077	0.03116994404688465	0.0	0.0	0.0	-0.03772987813888754	-0.15533185782183548	0.044752903139093914	-0.07003282054850166	-0.0015415481798278288	0.05131153881680046	-0.06957497977010584	0.0	0.0	0.12894558305933285	0.0	-0.034101126524145764	-0.1280333353975385	-0.0026667214835040852	0.07650349029290507	-0.032447944905827066	0.21501534020644403	-0.08349499572844725	0.0889408331910273	0.03029790426004366	0.021992091306642546	-0.0012751340746453032	0.0922688303127396	0.0	0.06678250160366275	-0.10502875056101722	0.053600514562614936	0.021297507187550947	0.06656455583599741	0.0909914151664366	-0.06355324144681504	0.23929123495688356	0.2546346461493677	0.2308466160582692	0.13388886136676714	-0.171987660413775	-0.2292253176751116	-0.046192190884269395	0.054012102860398134	0.03185826970773455	-0.006964955394297875	-0.02310831017968998	-0.04865932120347245	-0.05524235631560921	0.15702562587421257	0.11164358538586133	-0.06481471928503398	0.19392652340426791	0.03549099389696946
alone	-0.3005600498046616	-0.16595367668060085	1.0	-0.13814231879472078	0.035852407937548444	-0.15336955512969405	0.024681743408544007	0.02020176146547358	0.020886818885000387	0.0	0.13241934452934404	-0.406938447990338	0.09884016695382142	0.09002668727532244	0.056560383552653075	0.0399064277291508	0.0	0.06942512724726989	-0.3407529891974267	0.03990642772915063	-0.1099062271884807	0.03702564385562125	-0.04960623803388428	0.0	0.0	0.0	0.0671469965963093	0.09188394495861096	0.08093773272819763	0.07389090338673761	-0.3099114073423574	-0.43936804346249014	0.03990642772915084	0.0	0.0	0.007047913511867865	0.0	-0.27966124671183895	0.6246417196489819	0.13795968056052987	-0.2946878675818803	-0.2096078931369034	-0.2697918170015061	0.17392613568231058	0.0021893844513277286	-0.31574652533168357	-0.10990622718848074	-0.15577285962042212	-0.2103729236530787	0.0	0.01842246991487629	-0.06089865950959458	-0.040812415894858525	0.06227890173770566	0.16942658109092723	-0.017963769834743144	0.028998391517391062	-0.1842207510059384	-0.15247922906599556	-0.18572953992966776	-0.25640161147074125	0.0305482845860548	0.0027149858334280077	0.18053947095275424	-0.08601045754686859	-0.12506323115135162	-0.005784616138582036	-0.31414286296523936	-0.061539950116090335	-0.07884170465425613	-0.2351292537608062	-0.13363531328506462	-0.03427882357080985	-0.09801607345511328	-0.09796235927104978
morale	0.5829177594054695	-0.0013164446915647722	-0.13814231879472078	1.0	-0.38642852754119533	-0.6059626464488815	-0.052546642692677684	0.10937768607443306	0.12412580349450889	0.0	0.09006915518390296	0.06762784267751211	0.031174208875978746	-0.008761711551169829	-0.18866378303846518	0.01892123714465555	0.0	-0.011164910430353836	0.40986572485156775	0.09493813725213103	0.09493813725213102	-0.18801859647745853	0.026817545219931405	0.0	0.0	0.0	-0.21416707948279645	-0.4008673726609333	-0.03438859201458223	-0.4333693262019102	0.4180319074773637	0.2377153612672771	-0.05709566296282028	0.0	0.0	0.04070911624520655	0.0	0.1262890503197019	-0.2667078312965964	0.3619787372755026	0.19631970168851828	-0.0493230215500741	-0.04319991953440005	0.26139859349965816	0.22222413574736924	-0.00023841356512564505	0.0189212371446555	0.026817545219931422	0.0468640854311417	0.0	-0.14601091962441148	0.18068802342641196	0.01118533544292926	-0.08958144739567617	-0.12352105164309227	-0.13001705108874173	0.023521208431382803	-0.06529141510802326	-0.07283984747343002	-0.04786672594419997	0.14142081065468337	0.2173105801996023	0.24875563606014053	-0.040502324843347405	-0.08560266149542314	-0.10467232327473674	-0.04670275305256235	0.414598596081377	0.28788431963125044	0.09506797367369799	-0.09411876219753235	-0.03290866557756738	0.02828473667032346	-0.06514803385922913	-0.038283153794229745
stress	-0.49907645234495895	0.1993648676552827	0.035852407937548444	-0.38642852754119533	1.0	0.3100998040891675	0.08060363548356174	-0.07832394810452967	-0.04889293171621189	0.0	0.08533221495504913	-0.11975070324313555	0.07574096037501865	0.06162214550346816	-0.04920184088180398	-0.05103826711526239	0.0	0.10053077842407356	-0.028224431582364512	0.01425649919420726	-0.018390883960527463	0.22948827241095676	-0.04920184088180402	0.0	0.0	0.0	-0.04812489819853343	-0.05309570387731372	0.11433648757748383	-0.07036693725480012	-0.01384668270292778	-0.15182849276761626	0.17749341496788187	0.0	0.0	-0.06455862523769124	0.0	-0.04741790765114765	-0.028941730775855663	-0.17761806227545107	-0.024300478262462667	-0.10147610006766104	0.2589300246502563	-0.10907248039605076	-0.13035428414990044	-0.05283465602323352	0.014256499194207269	0.06647805195118471	0.021833641258066815	0.0	0.16600403888216755	0.003162584729042865	-0.046091942056415126	0.21327715702663871	0.0012176342353931607	0.3181935460095238	-0.0650632824998036	0.1586141542679881	0.1668831050913336	0.14595233918425293	0.01623728464341366	-0.13402070485290243	-0.1586370056953082	-0.0007958745024280427	0.08947775892516073	-0.08601131806758563	0.07032282428838615	-0.04703557410900786	0.050280453736466606	0.04998002636717018	0.12642013350890036	0.04150855856693787	0.022752981200720442	0.18209526369162948	0.09641481063933927
fatigue	-0.31665298424231614	0.0464129662447685	-0.15336955512969405	-0.6059626464488815	0.3100998040891675	1.0	0.045191469465258115	-0.08902785073962763	-0.10075088790406858	0.0	-0.0184123262917574	0.03571551986752161	-0.021435005158893645	0.021024053823425273	0.16203396902678016	-0.09852293279418443	0.0	0.026087316319586006	-0.10722741671173183	-0.04176380924734603	-0.041763809247346045	0.06320669106371275	0.04136476932878799	0.0	0.0	0.0	0.06537320319123832	0.1625756475209421	0.04683241198972515	0.120541930594109	-0.11506834844778385	-0.023251863729842913	-0.013384247473926964	0.0	0.0	0.04307961893916601	0.0	0.06750967253380517	0.10247859338125537	-0.3750855369007589	-0.11197989598979488	0.12163954260439422	0.13500326612516195	-0.3990511839170426	-0.0879255462035173	0.043079618939166175	0.014995314299492187	0.14192243574378194	-0.10344052608898066	0.0	0.15159976478625956	-0.08142845997846462	0.024121064186760223	0.23889882875762114	0.04208488571597245	0.12097318401160394	-0.005391959312448652	0.13066538240646447	0.12971366772439522	0.1156874459400306	-0.03960313207505126	-0.24565211039005513	-0.1556502174966887	-0.09971537365487254	0.13893018452939346	0.09714109042368155	0.02059622936578739	-0.12888453471292066	-0.18432006146906818	-0.01831545883094698	0.07706583238395753	0.05581100701495356	-0.009123573119961233	0.0899935004701749	0.08998686069907118
compulsions	-0.08453591626502148	-0.004133815226980344	0.024681743408544007	-0.052546642692677684	0.08060363548356174	0.045191469465258115	1.0	0.029974209296183336	0.004357847495104649	0.0	0.07023307170551506	-0.09249743091598694	0.024308659750153956	0.001859850775811283	-0.1135089350593456	-0.08008672906791449	0.0	0.017074351939869614	0.0943457459193865	0.054765189730265375	-0.08008672906791466	-0.01950601216088724	-0.1135089350593462	0.0	0.0	0.0	-0.08367896681635568	0.09816225808703123	-0.1396388470732399	0.05384299790373847	0.09383726490725133	0.03923526263048471	0.054765189730265784	0.0	0.0	-0.03637277098139904	0.0	-0.03264373850856297	0.00696761624479412	0.10161299856550146	0.04353322819194307	0.04617142598034035	0.02660870743368986	0.021677172347665925	0.11979320483573136	-0.03637277098139887	0.05476518973026542	-0.017944427233646816	-0.14269183273340338	0.0	-0.02081535918758127	-0.05130917513577756	-0.0003769741426451087	-0.06610770022395092	-0.1373811403607289	-0.034110425111381966	-0.01986153402014533	0.08505513394763424	0.058180777367565335	0.08965086111918182	0.09270993355997091	0.021562288288171635	-0.030688761440244797	0.023484781025145087	-0.014272247040540597	0.011600310185307477	-0.09496156933858285	0.16828673625366106	0.19724663287253305	0.1310251852019476	0.028859756411455387	0.06890482820933967	0.06547146247578102	-0.02417924466634821	0.0343767059674871
studying_activity	0.09082388675109283	-0.10373281381729924	0.02020176146547358	0.10937768607443306	-0.07832394810452967	-0.08902785073962763	0.029974209296183336	1.0	0.1453865705695028	0.0	-0.09585477591201946	-0.06593804733957886	-0.033176694062913105	-0.03021836115095192	-0.018985060416623196	-0.013394992994420667	0.0	-0.02330324075674222	-0.014050534687467536	-0.013394992994420535	-0.013394992994420594	-0.06758342887706972	-0.01898506041662316	0.0	0.0	0.0	0.20479761858192322	-0.10415766744987409	-0.07701829770787011	-0.05562414245338876	-0.02295161419578839	0.12812014190034796	-0.013394992994420723	0.0	0.0	-0.038482100632727514	0.0	0.128120141900348	0.0874570489793549	-0.097249565581884	-0.03591554384839918	-0.043220307942909694	-0.07394624266776824	-0.06920518032979185	-0.06083829962530798	-0.038482100632727494	-0.013394992994420554	-0.018985060416623095	-0.03317669406291331	0.0	-0.034019770695201866	0.05841829386068741	0.018149139815835613	0.11047979040536401	0.04407043564325604	0.10232472802910517	0.047515465662202355	0.0247830433514967	0.008326719691857581	0.03654414001698508	0.07909845016025116	-0.08623864476763393	-0.09192108760698926	-0.11611037409231932	-0.08561242156498512	-0.014963519310644505	0.13183906041646726	0.04419047534399029	-0.231223938964814	-0.11516564024633445	-0.12064815712899613	-0.12181626087239648	-0.04326927566385713	-0.05285911288805154	0.06253576822964374
eating_activity	0.0794946494288483	0.01944527152934863	0.020886818885000387	0.12412580349450889	-0.04889293171621189	-0.10075088790406858	0.004357847495104649	0.1453865705695028	1.0	0.0	-0.09353866562804425	0.028427519490624463	0.11790645222010115	0.1393317635578281	-0.03285920030985257	-0.023183953503110772	0.0	-0.04033307448545491	0.08221787989226287	-0.02318395350311078	-0.02318395350311073	0.06937001090169603	-0.03285920030985267	0.0	0.0	0.0	0.04569560037636729	-0.04266515678186399	-0.006986899747852779	0.03389123686438186	0.12306226330442724	0.13370869831057802	-0.023183953503110828	0.0	0.0	0.009657657055939123	0.0	0.13370869831057805	0.025890435250935793	0.0826719410618278	-0.06216235416973009	-0.07480538512830318	-0.04114500116876274	0.017368072094046293	0.09776131925151091	-0.06660453142027044	-0.02318395350311078	-0.03285920030985271	0.03024223936814308	0.0	-0.10951196708598346	0.022136687380457397	0.018015629449881387	-0.0588205805690394	-0.07224669154279828	-0.11914185428503986	0.011176386732851477	-0.02883987663435819	-0.015926600181828916	-0.024761428026545393	0.037563549508041374	0.11005243497559028	0.0734329882839418	-0.04973946306501405	0.02306597227811302	-0.05607855308330458	0.020171118018128285	0.045611577804609775	0.05653510035661452	-0.0104475274934075	-0.10888082275615664	-0.09434417647489064	-0.035006785480584744	-0.049261762407796734	-0.0721603456648547
trying_to_leave_apt_activity	0.0	0.0	0.0	0.0	0.0	0.0	0.0	0.0	0.0	0.0	0.0	0.0	0.0	0.0	0.0	0.0	0.0	0.0	0.0	0.0	0.0	0.0	0.0	0.0	0.0	0.0	0.0	0.0	0.0	0.0	0.0	0.0	0.0	0.0	0.0	0.0	0.0	0.0	0.0	0.0	0.0	0.0	0.0	0.0	0.0	0.0	0.0	0.0	0.0	0.0	0.0	0.0	0.0	0.0	0.0	0.0	0.0	0.0	0.0	0.0	0.0	0.0	0.0	0.0	0.0	0.0	0.0	0.0	0.0	0.0	0.0	0.0	0.0	0.0	0.0
ash_stuff_activity	-0.10124029455753979	0.14177442536374202	0.13241934452934404	0.09006915518390296	0.08533221495504913	-0.0184123262917574	0.07023307170551506	-0.09585477591201946	-0.09353866562804425	0.0	1.0	-0.03962838598357963	-0.07773686738649734	-0.0708051480046271	-0.04448421295783796	-0.031386032377901774	0.0	0.04463514287870576	-0.2202300646830462	-0.031386032377901524	-0.03138603237790164	-0.08327616856901117	-0.04448421295783784	0.0	0.0	0.0	-0.17326467938889167	-0.13316415284657016	-0.07867469642817097	-0.23260162446728996	-0.23896979035843416	-0.0798631448706669	-0.03138603237790189	0.0	0.0	0.03273959116522819	0.0	-0.07986314487066692	0.21250564980329908	-0.0833998579863299	-0.01860554520977184	-0.10127022724417062	-0.1382756039214705	-0.08847787625088392	-0.019828555739540735	-0.09016805435669427	-0.03138603237790155	0.19806066245513432	0.0635468042921368	0.0	0.11246576458280572	-0.20097034694029092	0.04314107585001096	0.20330178870754956	-0.03535682077640721	-0.08454211691893075	-0.0621958733208151	0.06739552112771179	0.055434709194883136	0.05688205712007899	0.034884796768448995	0.14579948102521764	0.1233296854263867	-0.026554501198630794	-0.012911945221727675	0.008324000534485997	-0.050928090036251025	0.15961483417305117	0.013383296533955721	0.08529632013204123	0.04083839281437054	0.08101794602705072	0.020742937054445174	-0.016539155585035686	-0.08199524164271736
with_friends_activity	0.40335693892356383	0.10825803031608601	-0.406938447990338	0.06762784267751211	-0.11975070324313555	0.03571551986752161	-0.09249743091598694	-0.06593804733957886	0.028427519490624463	0.0	-0.03962838598357963	1.0	-0.053474823690226846	-0.04870652668678966	-0.030600479861014582	-0.021590303342163806	0.0	-0.03756060469782306	0.028599566224857743	-0.021590303342163757	0.2031451269012669	0.038965884019941006	-0.030600479861014652	0.0	0.0	0.0	-0.02728882450811263	0.014149255449791894	-0.03502369765707129	0.03776020322471888	0.013673562825109776	-0.086310753993404	-0.021590303342163848	0.0	0.0	-0.06202617845715416	0.0	-0.08631075399340402	-0.25076216748348906	-0.0808597899751096	0.028192867029791333	0.22038938299720512	-0.11918795410160896	-0.11154622005339623	0.009383762995913288	0.583609951846859	-0.02159030334216376	0.12866110850653872	0.3176080437358923	0.0	-0.01654168465217041	-0.04557534075446136	0.06544192658998169	-0.05205859025203787	-0.07417159381681951	0.03461106096117765	0.06369398376666735	0.05231233063860676	0.03967457031266013	0.04156900353772374	-0.004350341543212871	-0.08328266654747542	-0.032200395047574486	-0.203350788322984	0.15907549268973795	0.1891267821153607	-0.0580735656853329	0.07024343558968864	-0.06281084991679464	0.0808841259728233	0.2659147443907154	0.11408316265328727	0.02311225323016258	0.040265534411715556	-0.0751804763772918
working_activity	0.016768431373255933	0.07336940084796559	0.09884016695382142	0.031174208875978746	0.07574096037501865	-0.021435005158893645	0.024308659750153956	-0.033176694062913105	0.11790645222010115	0.0	-0.07773686738649734	-0.053474823690226846	1.0	0.9108309915885034	-0.015396615451756822	-0.010863149844574167	0.0	0.46196574420031017	-0.06812099659459189	-0.010863149844574054	-0.01086314984457411	-0.05480920484299871	-0.015396615451756798	0.0	0.0	0.0	-0.05996935682443453	-0.08447039497822836	0.019743340519562447	-0.06416994979036787	0.20572743349692763	-0.04342721077000655	-0.010863149844574227	0.0	0.0	-0.031208439278872617	0.0	-0.043427210770006545	-0.07606137476269455	0.06113800161184369	-0.02912699803105865	-0.03505105838487782	0.1095736396298304	0.12238242091680165	-0.049339000430541444	-0.031208439278872565	-0.010863149844574068	-0.015396615451756721	-0.026905829596412554	0.0	0.018537634830641192	0.04263431086136267	0.12202685074792959	-0.05172680026423631	0.010969723389198141	-0.055825500844156425	0.06692861917049406	0.04269361786119459	0.07913305700128663	0.04657261796730882	-0.007489485886330756	-0.03464188807206365	-0.07150374419803124	0.005263816145805536	0.03711066884581707	-0.18069786819122072	-0.08164945450593329	-0.006290469289346473	0.08499290239554115	0.02952226314013219	0.03313896258019702	0.02862864586028356	-0.019517540964132895	-0.03652640993116118	-0.011897020756775623
working_out_activity	-0.03136098498884413	0.0909269846384068	0.09002668727532244	-0.008761711551169829	0.06162214550346816	0.021024053823425273	0.001859850775811283	-0.03021836115095192	0.1393317635578281	0.0	-0.0708051480046271	-0.04870652668678966	0.9108309915885034	1.0	-0.014023714519030258	-0.009894493544707826	0.0	0.5083699461091673	-0.05171311654413217	-0.009894493544707856	-0.009894493544707842	-0.04992192239532598	-0.01402371451903039	0.0	0.0	0.0	-0.054621948741324075	-0.07693825361789221	0.03295765308015288	-0.04803195783783591	0.18738292224896433	-0.03955484944756803	-0.00989449354470781	0.0	0.0	-0.028425613694305067	0.0	-0.03955484944756803	-0.049196900252586	0.0046776564770758325	-0.026529772498625533	-0.0319255902649248	0.1306880699514649	0.046433875780261646	-0.044939490686135466	-0.028425613694305085	-0.009894493544707852	-0.014023714519030383	-0.024506663450811678	0.0	-0.016671501639916923	-0.01798083407264839	0.111569258744423	-0.04711437277637484	-0.008847075463552213	-0.050847596289807714	0.0814952674142693	0.022572767488460117	0.05704568222502819	0.019697806104650814	-0.010892728109031675	-0.018610744203892467	-0.04544975106070813	-0.00437935644325421	0.057008998005174255	-0.19563527583598314	-0.08775232510480561	0.01808358088368284	0.04052385662416118	-0.017893934452381993	0.05479029876093239	0.043297368058792744	-0.014940265167118445	-0.014785833341031982	-0.004456148400508556
washing_up_activity	-0.10027383011836552	-0.0012751340746452908	0.056560383552653075	-0.18866378303846518	-0.04920184088180398	0.16203396902678016	-0.1135089350593456	-0.018985060416623196	-0.03285920030985257	0.0	-0.04448421295783796	-0.030600479861014582	-0.015396615451756822	-0.014023714519030258	1.0	-0.006216338364605486	0.0	-0.010814550600818927	-0.07144267563273803	-0.006216338364605471	-0.006216338364605478	-0.03136406729851297	-0.008810572687224622	0.0	0.0	0.0	-0.03431691717984078	-0.048337412673987994	-0.03574259419302925	-0.06944064097745245	-0.07483987521764535	-0.024850825059017163	-0.006216338364605515	0.0	0.0	-0.017858744578177446	0.0	-0.024850825059017156	0.08264321695049225	-0.04513150590819162	-0.0166676588187446	-0.020057648294962507	-0.03431691717984051	-0.03211668850388511	-0.028233792742982003	-0.017858744578177453	-0.006216338364605472	-0.008810572687224624	-0.015396615451756744	0.0	0.09530975966305136	0.027878701454390583	0.06449355809314451	0.2586291762561415	0.06195599326205183	0.1062844887986002	-0.026206316435832502	0.17760594584005884	0.17544210022984402	0.1813782119124897	0.04888748153838627	-0.04189435237185578	-0.04240478028660406	0.015162213967634187	-0.00620222772198843	0.05461607056666127	-0.04882523824714092	0.016371467373182094	-0.11875156506522534	-0.05344598448434028	-0.07121529253250124	-0.04477193488856873	-0.02008037319840052	-0.029974187142995223	-0.05220503004467279
shopping_activity	0.006770205022424731	-0.06957497977010565	0.0399064277291508	0.01892123714465555	-0.05103826711526239	-0.09852293279418443	-0.08008672906791449	-0.013394992994420667	-0.023183953503110772	0.0	-0.031386032377901774	-0.021590303342163806	-0.010863149844574167	-0.009894493544707826	-0.006216338364605486	1.0	0.0	-0.007630253807827655	-0.05040669445356481	-0.004385964912280715	-0.00438596491228072	-0.02212905582182214	-0.006216338364605501	0.0	0.0	0.0	-0.024212452061073926	-0.03410467440859768	-0.02521834475695631	0.08952017546358669	-0.052803603583263525	-0.017533609072934265	-0.004385964912280731	0.0	0.0	-0.012600315893879263	0.0	-0.017533609072934258	-0.0752189785681929	0.13773833244675923	-0.011759940090313862	-0.014151762096070533	-0.024212452061073836	0.19355477336505506	-0.01992047682224006	-0.012600315893879268	-0.004385964912280716	-0.006216338364605503	-0.010863149844574111	0.0	0.0654718987212366	-0.0359649876125786	0.047130743629977066	-0.020884544006986333	0.07716628659048858	-0.02253938235375312	-0.018489981983949084	0.02702594152972257	0.05211381386522002	0.02682173649264571	0.008848495154791532	-0.028245069365662318	-0.03989884367797786	0.020798781294240898	-0.04625060225167711	-0.0006740392138109834	-0.038898263679860635	-0.052500251194896215	0.04340035255514627	-0.03770904974949724	0.010074511105891871	0.07296132437983326	-0.014167795751780394	-0.0480325727063512	-0.03931323868147394
getting_ready_activity	0.0	0.0	0.0	0.0	0.0	0.0	0.0	0.0	0.0	0.0	0.0	0.0	0.0	0.0	0.0	0.0	0.0	0.0	0.0	0.0	0.0	0.0	0.0	0.0	0.0	0.0	0.0	0.0	0.0	0.0	0.0	0.0	0.0	0.0	0.0	0.0	0.0	0.0	0.0	0.0	0.0	0.0	0.0	0.0	0.0	0.0	0.0	0.0	0.0	0.0	0.0	0.0	0.0	0.0	0.0	0.0	0.0	0.0	0.0	0.0	0.0	0.0	0.0	0.0	0.0	0.0	0.0	0.0	0.0	0.0	0.0	0.0	0.0	0.0	0.0
meditation_activity	-0.07812813792308086	0.2506583121606026	0.06942512724726989	-0.011164910430353836	0.10053077842407356	0.026087316319586006	0.017074351939869614	-0.02330324075674222	-0.04033307448545491	0.0	0.04463514287870576	-0.03756060469782306	0.46196574420031017	0.5083699461091673	-0.010814550600818927	-0.007630253807827655	0.0	1.0	-0.008003673152029267	-0.007630253807827646	-0.00763025380782763	-0.03849787123816417	-0.010814550600818908	0.0	0.0	0.0	-0.0421223512341742	-0.05933182936376982	0.07160766306920602	-0.08523501845604922	0.06571424145310184	-0.030503182325767406	-0.007630253807827697	0.0	0.0	-0.021920742699035448	0.0	-0.030503182325767406	-0.13085829666211354	-0.055396734317056585	-0.020458742705098624	-0.024619790349590654	0.3151375907149329	-0.03942167726050628	-0.03465561106087357	-0.02192074269903549	-0.007630253807827646	-0.010814550600818942	-0.01889859862637634	0.0	0.04881476303260474	0.018601925884201464	0.07834745032057722	-0.0363327966869635	0.025841042360732355	-0.039211715431023746	-0.03216698224024929	0.10088442232884387	0.1356554299894481	0.10316261081893335	0.026251972636501465	-0.03827975643071502	-0.05739097073260311	0.007040505651894542	-0.04194600957765533	-0.02451399330756477	-0.06767122639993974	0.009131496725581634	0.00174840525966409	-0.0656023534604707	0.1382793932020546	0.0980598606715212	-0.024647684066248548	0.09461042070600448	0.025179891771249588
schoolwork_activity	0.12730271912579832	-0.01660375495312826	-0.3407529891974267	0.40986572485156775	-0.028224431582364512	-0.10722741671173183	0.0943457459193865	-0.014050534687467536	0.08221787989226287	0.0	-0.2202300646830462	0.028599566224857743	-0.06812099659459189	-0.05171311654413217	-0.07144267563273803	-0.05040669445356481	0.0	-0.008003673152029267	1.0	-0.05040669445356469	0.08701155590198638	-0.10359852211332468	-0.07144267563273811	0.0	0.0	0.0	-0.1939771878712781	-0.3474329452176982	-0.20809045918789265	-0.4114661459072431	0.9546070918072932	0.23797249878733756	-0.050406694453565076	0.0	0.0	-0.046115720556450364	0.0	0.2745959545818941	-0.46255109321027166	0.33009332014736614	0.23330115608249632	-0.029624138484408077	0.19937566748312816	0.1833057971230626	0.2637980842199597	0.10192867207103264	-0.05040669445356469	-0.07144267563273803	-0.011394784884913533	0.0	-0.12780955598592678	0.2586016484385207	-0.06908889962281559	-0.0472734960989025	-0.2557302645494777	0.03575756259798777	-0.006285735608311308	-0.019017047480446005	-0.026300898714507165	1.2966179869590775e-05	0.16306605470528376	0.20235487401033014	0.267692157342391	-0.10122441122048859	-0.018759105047215723	-0.05782678225019615	-0.022133308058404605	0.5011766714712036	0.391894296113312	0.07587704436287669	0.0748578725440106	0.0252178436654509	0.05912156285967482	-0.06439559883799136	-0.005669889872574103
therapy_activity	0.05844943669359995	-0.023791444231731518	0.03990642772915063	0.09493813725213103	0.01425649919420726	-0.04176380924734603	0.054765189730265375	-0.013394992994420535	-0.02318395350311078	0.0	-0.031386032377901524	-0.021590303342163757	-0.010863149844574054	-0.009894493544707856	-0.006216338364605471	-0.004385964912280715	0.0	-0.007630253807827646	-0.05040669445356469	1.0	-0.004385964912280709	-0.022129055821822185	-0.006216338364605486	0.0	0.0	0.0	-0.024212452061073787	-0.034104674408597366	-0.02521834475695627	-0.04899415008480105	-0.05280360358326351	-0.017533609072934234	-0.004385964912280721	0.0	0.0	-0.012600315893879234	0.0	-0.017533609072934234	-0.075218978568192	-0.03184273276994971	-0.011759940090313808	-0.014151762096070483	0.1811450117161819	-0.02266007102810403	-0.019920476822240032	-0.012600315893879237	-0.004385964912280706	-0.006216338364605487	-0.010863149844574042	0.0	0.1102145548377888	-0.035964987612578256	0.03806699468014505	-0.020884544006986323	0.06321531828683402	0.22382282704809228	-0.018489981983948946	-0.0305065750374722	-0.02941918109438257	-0.03266960669454088	-0.024122725541517807	-0.042043689401071165	0.005269825854759732	0.03233327075801273	-0.03792748037292038	-0.01008501036554808	-0.02110065652164274	-0.010392256563745692	-0.029277385910144237	0.11117668115800018	-0.04280945550154035	-0.026610447270833	0.06128395371700359	0.02877929286455949	0.026223006099474828
in_class_activity	0.05844943669360006	0.021992091306642564	-0.1099062271884807	0.09493813725213102	-0.018390883960527463	-0.041763809247346045	-0.08008672906791466	-0.013394992994420594	-0.02318395350311073	0.0	-0.03138603237790164	0.2031451269012669	-0.01086314984457411	-0.009894493544707842	-0.006216338364605478	-0.00438596491228072	0.0	-0.00763025380782763	0.08701155590198638	-0.004385964912280709	1.0	-0.022129055821822168	-0.0062163383646054934	0.0	0.0	0.0	-0.024212452061073815	-0.034104674408597505	-0.025218344756956283	-0.048994150084801145	0.08306184833322373	-0.017533609072934296	-0.004385964912280726	0.0	0.0	-0.012600315893879247	0.0	-0.017533609072934296	-0.07521897856819242	-0.03184273276994969	-0.011759940090313838	-0.01415176209607051	-0.024212452061073846	-0.022660071028104148	-0.019920476822240057	-0.012600315893879251	-0.004385964912280711	-0.006216338364605495	0.4037470692233351	0.0	0.06325706094086193	-0.035964987612578436	-0.0853669808675995	-0.02088454400698633	0.06321531828683415	-0.02253938235375306	-0.018489981983949008	-0.03230446618019707	-0.029419181094382615	-0.03403547936975693	-0.03633428876237315	0.0752344587356187	0.034305663354833	-0.3541153438605188	0.17340019898401823	0.1834846291681335	-0.038898263679860656	0.08309898297793136	0.007061483322500907	-0.03770904974949717	-0.04280945550154045	-0.04652480160096623	-0.014167795751780404	-0.06339494582053323	-0.05082636276461351
chatting_activity	0.045495241280217515	0.3821302813906077	0.03702564385562125	-0.18801859647745853	0.22948827241095676	0.06320669106371275	-0.01950601216088724	-0.06758342887706972	0.06937001090169603	0.0	-0.08327616856901117	0.038965884019941006	-0.05480920484299871	-0.04992192239532598	-0.03136406729851297	-0.02212905582182214	0.0	-0.03849787123816417	-0.10359852211332468	-0.022129055821822185	-0.022129055821822168	1.0	-0.03136406729851305	0.0	0.0	0.0	0.012983412055387965	0.04208296489733769	0.047499367008750217	-0.03449867796403468	-0.11739510488842347	-0.08846450477671662	-0.022129055821822122	0.0	0.0	-0.06357394538372017	0.0	-0.08846450477671668	0.08915391001746142	-0.011858633089225551	-0.05933389252412327	-0.0714016504154486	0.10308042298520348	-0.06689943389245874	0.0574984361213037	-0.06357394538372031	-0.02212905582182218	-0.03136406729851321	0.03614230174429629	0.0	0.039423682440792994	-0.05321914976256673	-0.034459397805089	0.005320252769935121	0.008578891353215061	0.1070514555836008	-0.03288803103596175	0.13543709467465884	0.10513925771525451	0.12700409628720402	0.046073112440352185	-0.14762990440263346	-0.16847039752620277	0.05115026259795047	0.07930584168626996	0.05720841194461645	0.06337071256628933	-0.1769267873140116	-0.08793042419637367	-0.05961612887384749	-0.02058822062369997	-0.0731014755912343	-0.030103620660444273	0.1822736110289714	0.0460475451507219
resting_activity	0.04621871914546697	0.03116994404688465	-0.04960623803388428	0.026817545219931405	-0.04920184088180402	0.04136476932878799	-0.1135089350593462	-0.01898506041662316	-0.03285920030985267	0.0	-0.04448421295783784	-0.030600479861014652	-0.015396615451756798	-0.01402371451903039	-0.008810572687224622	-0.006216338364605501	0.0	-0.010814550600818908	-0.07144267563273811	-0.006216338364605486	-0.0062163383646054934	-0.03136406729851305	1.0	0.0	0.0	0.0	-0.03431691717984057	-0.04833741267398797	0.24650064960709947	-0.06944064097745249	-0.0748398752176456	0.16484380622481384	-0.006216338364605509	0.0	0.0	-0.017858744578177488	0.0	0.16484380622481387	-0.011983266457821233	-0.04513150590819175	-0.01666765881874462	-0.020057648294962552	-0.03431691717984075	-0.03211668850388515	-0.028233792742982097	-0.017858744578177495	-0.006216338364605487	-0.008810572687224646	-0.015396615451756718	0.0	0.023812689323500297	0.19895016866916954	-0.03507562253508926	-0.029600189407445816	-0.016448117312615324	-0.03194563341075354	-0.026206316435832572	-0.0075629873560111235	-0.0044195245030180415	-0.0016705350316874618	-0.023228166956141324	-0.012868695611706565	-0.040069230691224283	-0.17128168492268042	-0.06542979581843046	0.0012575198817374763	-0.01098774397101484	-0.06929111208507388	-0.14450356165607492	-0.05344598448434036	-0.07238644527863733	-0.06594077127428577	-0.020080373198400576	0.03534624605997932	0.17825308351974678
workshop_activity	0.0	0.0	0.0	0.0	0.0	0.0	0.0	0.0	0.0	0.0	0.0	0.0	0.0	0.0	0.0	0.0	0.0	0.0	0.0	0.0	0.0	0.0	0.0	0.0	0.0	0.0	0.0	0.0	0.0	0.0	0.0	0.0	0.0	0.0	0.0	0.0	0.0	0.0	0.0	0.0	0.0	0.0	0.0	0.0	0.0	0.0	0.0	0.0	0.0	0.0	0.0	0.0	0.0	0.0	0.0	0.0	0.0	0.0	0.0	0.0	0.0	0.0	0.0	0.0	0.0	0.0	0.0	0.0	0.0	0.0	0.0	0.0	0.0	0.0	0.0
reading_activity	0.0	0.0	0.0	0.0	0.0	0.0	0.0	0.0	0.0	0.0	0.0	0.0	0.0	0.0	0.0	0.0	0.0	0.0	0.0	0.0	0.0	0.0	0.0	0.0	0.0	0.0	0.0	0.0	0.0	0.0	0.0	0.0	0.0	0.0	0.0	0.0	0.0	0.0	0.0	0.0	0.0	0.0	0.0	0.0	0.0	0.0	0.0	0.0	0.0	0.0	0.0	0.0	0.0	0.0	0.0	0.0	0.0	0.0	0.0	0.0	0.0	0.0	0.0	0.0	0.0	0.0	0.0	0.0	0.0	0.0	0.0	0.0	0.0	0.0	0.0
with_parents_activity	0.0	0.0	0.0	0.0	0.0	0.0	0.0	0.0	0.0	0.0	0.0	0.0	0.0	0.0	0.0	0.0	0.0	0.0	0.0	0.0	0.0	0.0	0.0	0.0	0.0	0.0	0.0	0.0	0.0	0.0	0.0	0.0	0.0	0.0	0.0	0.0	0.0	0.0	0.0	0.0	0.0	0.0	0.0	0.0	0.0	0.0	0.0	0.0	0.0	0.0	0.0	0.0	0.0	0.0	0.0	0.0	0.0	0.0	0.0	0.0	0.0	0.0	0.0	0.0	0.0	0.0	0.0	0.0	0.0	0.0	0.0	0.0	0.0	0.0	0.0
feedly_activity	-0.05772284555655617	-0.03772987813888754	0.0671469965963093	-0.21416707948279645	-0.04812489819853343	0.06537320319123832	-0.08367896681635568	0.20479761858192322	0.04569560037636729	0.0	-0.17326467938889167	-0.02728882450811263	-0.05996935682443453	-0.054621948741324075	-0.03431691717984078	-0.024212452061073926	0.0	-0.0421223512341742	-0.1939771878712781	-0.024212452061073787	-0.024212452061073815	0.012983412055387965	-0.03431691717984057	0.0	0.0	0.0	1.0	-0.12173810739704848	-0.0170686695080627	0.23930404267517508	-0.20816163747467456	-0.042063226713803706	0.1811450117161821	0.0	0.0	0.004186437916673906	0.0	-0.042063226713803706	0.13078387640889808	-0.10644053733997816	-0.06492003273454383	0.12065808570329518	-0.13366336633663375	-0.12509354143081775	-0.011790132202254153	0.004186437916673824	0.18114501171618183	-0.03431691717984067	0.02480214140269819	0.0	0.090453525067912	-0.10207363557709255	-0.09104872974275202	-0.07666091092237085	0.22021699168522363	-0.08234055712212457	-0.056223165317214344	0.02543703891912642	0.03817447952019293	0.021590708533928218	0.018553255624066317	-0.1059728936975069	-0.1435128877795002	0.07800386189928238	0.00712597829995297	0.045572459168291536	0.2182949536880012	-0.24687238718247567	-0.2619272817780183	-0.02552282133662771	0.09210856414839033	0.15033296269335433	0.0529163496906405	0.055221278044408496	0.10213733503408612
tv_activity	-0.1482811787038488	-0.15533185782183548	0.09188394495861096	-0.4008673726609333	-0.05309570387731372	0.1625756475209421	0.09816225808703123	-0.10415766744987409	-0.04266515678186399	0.0	-0.13316415284657016	0.014149255449791894	-0.08447039497822836	-0.07693825361789221	-0.048337412673987994	-0.03410467440859768	0.0	-0.05933182936376982	-0.3474329452176982	-0.034104674408597366	-0.034104674408597505	0.04208296489733769	-0.04833741267398797	0.0	0.0	0.0	-0.12173810739704848	1.0	-0.06705529073076165	0.696096867678441	-0.36657408687079507	-0.13633899052993123	-0.03410467440859782	0.0	0.0	-0.0979783649894195	0.0	-0.13633899052993123	0.19383071383318076	-0.13771818232849553	-0.09144371554860596	0.04745569978479552	-0.08847077255943066	-0.07112307014126937	-0.11600436996676995	0.0773110536244637	-0.03410467440859741	-0.04833741267398777	-0.08447039497822847	0.0	-0.1203458672503124	-0.15164349345341746	0.04441557211861222	-0.13178755145201435	-0.025886316440794976	-0.07784905498475922	0.047801428563572466	-0.1295483821232922	-0.13438547557821387	-0.13777066946072078	-0.1990488624308767	-0.13833569113489627	-0.10250713982952794	0.0198616903410191	0.029703534454052317	0.0912207272200423	-0.04586620657867832	-0.3464923544001893	-0.14229849250965693	-0.0761488606305006	-0.09889289804059034	-0.10368503521490245	-0.0857209331367278	0.018469345807289938	-0.019015186808217316
errands_activity	-0.053290004157810586	0.044752903139093914	0.08093773272819763	-0.03438859201458223	0.11433648757748383	0.04683241198972515	-0.1396388470732399	-0.07701829770787011	-0.006986899747852779	0.0	-0.07867469642817097	-0.03502369765707129	0.019743340519562447	0.03295765308015288	-0.03574259419302925	-0.02521834475695631	0.0	0.07160766306920602	-0.20809045918789265	-0.02521834475695627	-0.025218344756956283	0.047499367008750217	0.24650064960709947	0.0	0.0	0.0	-0.0170686695080627	-0.06705529073076165	1.0	-0.062001640291214334	-0.1958579569295892	0.05840284825673204	-0.025218344756956352	0.0	0.0	-0.000936841514727259	0.0	0.05840284825673205	0.0705214093688137	-0.0822211090131171	-0.06761709896226017	0.11139211566592293	-0.05778455823042022	-0.04455335455089939	-0.06693533280696688	-0.07244907713891566	-0.025218344756956272	-0.03574259419302936	-0.062460750007343344	0.0	0.015085806275417387	-0.022771683951722174	0.0540691709838197	-0.06755869076720514	0.08051310989274423	0.03767634801453602	-0.05119440765320745	-0.003827717396707383	0.014401769078459841	-2.1811912151334945e-05	0.0032606454356862383	-0.12543663499277183	-0.12890831639200856	-0.09458822718142702	0.07826869474308618	-0.047675845406395106	0.03217437024888038	-0.2165880322780538	-0.12510951493441183	-0.0397028550486442	0.02221097615524436	-0.01086237330351543	-0.0515423554498665	0.1182636520261444	0.0973265599079423
leisure_activity	-0.10254867213406935	-0.07003282054850166	0.07389090338673761	-0.4333693262019102	-0.07036693725480012	0.120541930594109	0.05384299790373847	-0.05562414245338876	0.03389123686438186	0.0	-0.23260162446728996	0.03776020322471888	-0.06416994979036787	-0.04803195783783591	-0.06944064097745245	0.08952017546358669	0.0	-0.08523501845604922	-0.4114661459072431	-0.04899415008480105	-0.048994150084801145	-0.03449867796403468	-0.06944064097745249	0.0	0.0	0.0	0.23930404267517508	0.696096867678441	-0.062001640291214334	1.0	-0.4212172514624616	-0.1220309511049808	-0.048994150084801416	0.0	0.0	-0.04127044041767484	0.0	-0.12203095110498081	0.13573886704664667	-0.1452230418784576	-0.07831010853932	0.11007372899496022	-0.10054479932553899	-0.07421965600719028	-0.12319122669237957	0.058213042273352035	0.08952017546358688	-0.06944064097745244	-0.006991278576382486	0.0	-0.0022942290814558465	-0.2205405207809238	-0.0022477653018546473	-0.20723756528611428	0.07074313703038318	-0.08244093716425008	0.020850294014453367	-0.06316167675372682	-0.06330568209108685	-0.07207281567806467	-0.14417061311896368	-0.1542641350763508	-0.16792528372048487	0.03482965879765333	0.0960692289035366	0.08170245995203432	0.10914301187623333	-0.39334211117296086	-0.12909469009854913	-0.07217844670092241	0.04462108286252747	0.04329442798833791	-0.05941137252639984	0.08208020189401391	0.04479683837314084
work_activity	0.1444248470592171	-0.0015415481798278288	-0.3099114073423574	0.4180319074773637	-0.01384668270292778	-0.11506834844778385	0.09383726490725133	-0.02295161419578839	0.12306226330442724	0.0	-0.23896979035843416	0.013673562825109776	0.20572743349692763	0.18738292224896433	-0.07483987521764535	-0.052803603583263525	0.0	0.06571424145310184	0.9546070918072932	-0.05280360358326351	0.08306184833322373	-0.11739510488842347	-0.0748398752176456	0.0	0.0	0.0	-0.20816163747467456	-0.36657408687079507	-0.1958579569295892	-0.4212172514624616	1.0	0.22342441243021344	-0.052803603583263484	0.0	0.0	-0.05411698153731229	0.0	0.259634030580616	-0.47207421369410696	0.3507053488879276	0.22271093812319218	-0.03886108834777715	0.20852555642130796	0.22440379073298142	0.24734379027325382	0.09225453939234751	-0.052803603583263525	-0.07483987521764579	-0.018613434459245844	0.0	-0.11290783407115197	0.2555811642785005	-0.03487554942003441	-0.06086480131427845	-0.23934798779631167	0.020108755480454585	0.018218606104979388	-0.00790007857583375	-0.006410233439877888	0.012159407105204079	0.1574620979703494	0.19140424645897297	0.24504775455323624	-0.09648360123859413	-0.006002417290053579	-0.11345299928673384	-0.04337742425591418	0.487977507024526	0.40944680985703136	0.08979491411177438	0.07277805373634015	0.027138556552529405	0.053974220281551716	-0.08264763085309859	-0.013387092072099472
