index	time	mood	unique_interactions	alone	morale	stress	fatigue	compulsions	email_activity	just_woke_up_activity	getting_ready_activity	errands_activity	resting_activity	with_parents_activity	reading_activity	with_friends_activity	therapy_activity	commuting_activity	meditation_activity	schoolwork_activity	washing_up_activity	with_k_activity	eating_activity	trying_to_leave_apt_activity	work_activity	tv_activity	working_out_activity	feedly_activity	leisure_activity	cooking_activity	ash_stuff_activity	chatting_activity	in_class_activity	workshop_activity	shopping_activity	studying_activity	working_activity	friend_home_location	library_location	la_location	therapy_location	parents_home_location	airport_location	vacation_location	home_location	cafe_location	mountain_view_location	k_home_location	school_location	Sadness_score	Analytical_score	Joy_score	Fear_score	Tentative_score	Anger_score	Confident_score	word_count	uniqueword_ratio	backspace_count	avg_dwelltime	avg_flighttime	avg_attention	avg_engagement	avg_valence	blinks	productivity_score	current_tabCount	current_windowCount	tabs_activated	tabs_created	windows_created	phone_unlocks	phone_use_secs	walking_distance	walking_duration	avg_walking_speed	time_of_day
time	1.0	-0.07038094965117624	0.11557510551179513	-0.3145779730951319	-0.13063543560512295	0.15470801350636137	0.3489644155674752	0.17100723466844314	0.01769067205858269	0.0	0.0	-0.024802529131975466	-0.07406646984142987	0.0	0.06549493513246388	0.21109690527570632	0.08198588451392312	0.0	0.06338662181445189	0.31823395730605825	-0.12898067392020587	-0.01835134418391242	-0.09979302035942274	0.0	0.2971084249800876	0.024088864230828327	-0.032228928681156746	-0.08597971259881097	-0.009845774340645002	0.0	-0.15888460699703044	-0.029303206856988277	0.011110935855395134	0.0	-0.06483479065922275	-0.08897015598399304	-0.05526329652777218	0.2478825728191782	0.0	-0.2032782938001911	0.0	0.19665171324055666	0.03276213082875226	-0.4028983517582644	-0.1919112143638524	0.03955171914237744	-0.332566119601336	0.032882998433800194	0.2157179811430547	0.09074077600496895	-0.03302870112122529	-0.06949447164399168	0.04325665935683136	-0.1710598434772025	0.08453515125433969	-0.03261171179900168	-0.03244360591481955	0.022975317241553564	0.004268538083970426	-0.01777906732995799	0.07795649494610146	0.024039611072982796	0.021524516322466335	-0.06084734484075861	-0.10330451496797201	0.2693459378728349	0.3764063488584874	0.029705330522784474	0.3293155946283371	0.19799484436598105	0.03676780775382371	0.08288021978205598	0.0401118686842405	-0.08174105571058836	-0.07034540209130552	-0.09617900156650086	-0.042389188171391125
mood	-0.07038094965117624	1.0	0.13972160835610659	-0.3320554603048243	0.5999110554792318	-0.4117304129405558	-0.3719877603508676	-0.12300611678200171	0.0029436963686218284	0.0	0.0	0.0074367182839814115	0.046085343139163536	0.0	-0.04307441004212345	0.38617510379191883	0.010381863014866497	0.0	-0.07487399802291751	0.1292582940122233	-0.0967285773580248	0.2827787105973044	0.05985995735335738	0.0	0.14525616546166775	-0.23386656809672351	-0.02890180837273633	-0.06441372098023868	-0.17561963026350166	0.0	-0.04452102447047096	0.1126258680201837	0.05773043337595813	0.0	0.007328011666917303	0.0904846013675047	0.018111749220688908	0.1331786817210889	0.0	0.08110149851467992	0.0	-0.12655056014703675	0.007328011666917281	0.159884158856114	-0.28534643214312105	0.16344749296719174	0.1316136749248756	0.17597329102464135	0.15963731457898714	-0.011173926160918174	0.058042513346407136	0.08321526764171104	-0.09290199813697844	-0.012525135519838106	0.024665266833551008	0.004403611093791478	0.15505684582400722	-0.15865158106740984	0.2271246751902827	0.01015291728716774	-0.019632967729197832	-0.0009965564442059515	0.17707578068048196	0.0838634604434768	-0.11982350579479152	0.1008167203780418	0.007387078863609361	0.1977485832342697	0.039097522245490894	0.00893222020418297	0.03292893287004863	-0.002550513130223396	-0.013321456635987198	-0.08223931859216552	-0.07742897045889381	-0.10337138827240638	0.019315602077370504
unique_interactions	0.11557510551179513	0.13972160835610659	1.0	-0.17938825483027504	0.010462534645099449	0.20732092735826682	-0.01900050042442843	-0.0378550920606088	0.0785213398958942	0.0	0.0	0.0912102361099235	0.031641787140317915	0.0	-0.018299696427646794	0.13003411447076474	0.03164178714031796	0.0	0.2271742678665844	-0.04949524333958018	0.0028579678707383828	0.05644951801100204	0.03582383186936144	0.0	-0.0360479045069987	-0.1835106002261966	0.08690585059813795	0.0024277307547831465	-0.09551244113960175	0.0	0.1660577864871216	0.45177963380422725	0.02233427516760041	0.0	-0.05893366802289416	-0.04195598268613238	0.07193922881841659	0.01479579312684422	0.0	0.07799742556587012	0.0	0.21950238799954214	0.022334275167600393	-0.008349896850824524	-0.16080081425774265	0.07193922881841659	-0.07519098224266539	-0.008129646610103769	0.10226244895911772	0.1231534730614816	-0.024774372870398388	0.10985562145266095	0.058128112247999145	0.11680263733354927	0.11779021290858147	-0.09950494123600977	0.28097605380548074	-0.2151810484364664	0.12818898213409916	0.009038976771011276	-0.19923661752744973	0.054480062740925664	0.11766390609009046	0.14740329106487843	0.10230022297018349	-0.054814253487298785	-0.1607210012383013	-0.043694262018290256	0.2095266089316259	0.1484238101812732	0.05937067787005594	0.39812722293367353	0.2834469924300303	-0.014167962867208792	-0.011678516401493533	-0.040394422466851994	0.04853153420278215
alone	-0.3145779730951319	-0.3320554603048243	-0.17938825483027504	1.0	-0.147951876937558	-0.02753787115123949	-0.05261874708342417	0.10921391300982708	0.0048204793757678785	0.0	0.0	0.11683990478581642	-0.04564185190895109	0.0	0.03558205547430667	-0.46336036191817653	0.05041040360093128	0.0	0.06185042926018519	-0.2539259187243153	0.05041040360093135	-0.3973798179430748	0.05078189872292864	0.0	-0.23199301055367377	0.14998986939046224	0.08013630432084216	0.05078189872292856	0.11757151011739383	0.0	0.10388050388120842	0.03749022822287512	-0.10001442619805137	0.0	0.035582055474306755	-0.02926997823645247	0.08794380997190518	-0.38111418779556666	0.0	0.05682644997486095	0.0	-0.2556878480446314	-0.1000144261980512	0.14985570165159165	0.6643845525700088	-0.24719341181292148	0.1392995301867222	-0.25371172991750346	-0.3763410237806451	-0.004936307686500375	-0.030339077076304174	-0.038913943954216004	0.05788324153581648	0.09001154416372459	-0.03494886642804673	0.0004891755985695793	-0.2152486546582465	0.19782007925596445	-0.27473583797493484	-0.09912830091592933	-0.020317127084920235	0.013020294429004915	-0.028900657594323337	0.0030921190323465525	0.020747318605320635	-0.19938804564292167	0.0018274288932994048	-0.1757015952930752	-0.2349716176146293	-0.16003797717962906	-0.06393854358583338	-0.11774581147989771	-0.059115256880867315	0.0714291285487811	0.06821371744615636	0.10109170561173572	-0.08379231815621672
morale	-0.13063543560512295	0.5999110554792318	0.010462534645099449	-0.147951876937558	1.0	-0.32124633283176746	-0.62267753899351	-0.11891691500928074	0.06808318183885571	0.0	0.0	0.009661866116814266	0.0272323353225056	0.0	-0.12629674778255817	0.11219766507643097	0.027232335322505526	0.0	-0.008745522636961543	0.400328990545178	-0.17892923678344275	0.20164478281891976	0.08773724084882666	0.0	0.41061422049229096	-0.41914672793560437	-0.0058689326076896385	-0.18135897337996146	-0.4165313547837087	0.0	0.11240501309304306	-0.16522133751498322	0.09198118607657202	0.0	0.019221874790195374	0.07080738849119564	0.032522497683333276	-0.0060163200666442295	0.0	0.21683438322104176	0.0	-0.03933597142587873	0.01922187479019529	0.3648003836269356	-0.2649595690349794	0.16739520866421606	0.27388740122838845	0.08600913715560382	0.07902565004603913	-0.11059295611804634	0.14399147667377724	-0.011214799220173434	-0.12740855072624072	-0.08619583487959231	-0.011967848519738597	-0.007815935732644287	0.06687235103727711	-0.089411428311733	0.25825673097921675	-0.035587459033784935	0.13946228495810273	-0.03488097702038124	0.07024804988709567	-0.05008425791423413	-0.06615534319716791	0.21526937191454942	0.2204454304524445	0.19654681062532606	-0.02758501951750948	-0.008916292948849908	0.016314327127345197	-0.05399593105096658	-0.016586359388506187	-0.21350350437666116	-0.21256351875697116	-0.20785141739700336	-0.190717381971845
stress	0.15470801350636137	-0.4117304129405558	0.20732092735826682	-0.02753787115123949	-0.32124633283176746	1.0	0.20839212706332147	0.04865452326308125	-0.06712456787029153	0.0	0.0	0.03917844147756202	-0.03894467253662296	0.0	-0.04370635712145969	-0.06148257396191456	-0.015968945224222056	0.0	0.11195944220102254	-0.03152389536772785	-0.038944672536622885	-0.12210701817412736	-0.006900655840075923	0.0	-0.014962501831924272	-0.024125169516443477	0.07688173713164312	-0.07354397593943904	-0.07622554273372126	0.0	0.07238913477627343	0.23948098414342847	-0.011271639468165964	0.0	-0.04370635712145993	-0.10011983787449663	0.09238864943044355	-0.05214790734519593	0.0	-0.08877340535706471	0.0	0.3063229486269325	0.02116307818512797	-0.12445118974224585	-0.12807602448609678	0.012223729001566321	-0.08114026767762872	-0.019010673488187597	0.06200387721405799	0.10760436977832138	-0.03576135664782641	-0.026208353221076012	0.1715559912427145	0.029444098525119134	0.17741435754777832	-0.029375110171177634	0.1097060415678629	-0.08641008635312167	0.0029813541423758154	-0.0545257442605896	-0.11616068950999374	-0.019408071657561293	-0.01847514950457385	-0.06351545441254085	0.12406139120274595	0.0211365370261051	-0.06313425591104707	-0.03624551414825753	0.12570454357685396	0.030359507954899768	0.014787830079133433	0.19235260333489312	0.1510312623988107	-0.06867723635811408	-0.06375788575209031	-0.0869567135586108	-0.08442697384533879
fatigue	0.3489644155674752	-0.3719877603508676	-0.01900050042442843	-0.05261874708342417	-0.62267753899351	0.20839212706332147	1.0	0.1315265120020412	-0.016648800126963334	0.0	0.0	-0.02363038009934497	0.028049539083191563	0.0	0.10943774618970567	-0.07568420162966273	0.009907406006448388	0.0	0.012155770844541497	-0.11114571310663213	0.13690233754365125	-0.012918327159272535	-0.11524812915672684	0.0	-0.12191229210697278	0.2016335641499478	0.0042135251591622494	0.05314551033652186	0.1418621658349134	0.0	-0.057067189849367025	0.041209503591263116	-0.044229197007789885	0.0	-0.0954515114069553	-0.01336041450172675	-0.035465935880708316	0.07405423887398524	0.0	-0.09394907814428746	0.0	0.07945701650734206	0.00699311739137537	-0.38958361958675797	0.22067272634073037	-0.07766591021977891	-0.40682322490533634	0.06170485877753089	-0.15551326239767238	0.11080978359570037	-0.06027157171456824	0.005190177845380883	0.2215906185352739	0.01977380720496338	0.07021353137484891	0.03487818354619191	0.02704441798663634	-0.008969353059807561	-0.1173537159608446	0.08840523839052859	-0.07330676784531412	-0.00670137375734292	-0.017784839070248616	0.06538316950917443	0.009243268437075524	-0.07689075564883924	-0.10356780397883404	-0.1977915053095344	0.05889561551979547	0.056087565875673505	0.06195695663813657	0.07064358884642424	0.01133635052395123	0.19361097525483342	0.19673093589947013	0.17447932352156886	0.2858496340564626
compulsions	0.17100723466844314	-0.12300611678200171	-0.0378550920606088	0.10921391300982708	-0.11891691500928074	0.04865452326308125	0.1315265120020412	1.0	-0.006002930943994007	0.0	0.0	-0.14221348178404714	-0.11313958533980444	0.0	0.04456236581932686	-0.08369772347968565	-0.025003223279514476	0.0	0.0053685449211934135	0.051818618924868304	-0.11313958533980499	0.012271229105886575	-0.017587135068452983	0.0	0.048566790205656026	0.08691030179303035	-0.011725386054222967	-0.11984635340461287	0.035402213143769685	0.0	0.028114732078361886	-0.03722028872909836	-0.07985928924057646	0.0	-0.07985928924057689	0.05147739275699414	0.007633419848857862	-0.02721983420793205	0.0	0.07403053712984371	0.0	0.007977669515587	0.04456236581932703	0.022559535306498072	0.11203396302641683	0.0076334198488578284	-0.0334256084184049	-0.05364280152001892	-0.13649781610777906	0.09343065312691225	-0.021048560241307794	-0.030963845215358395	0.01260971217387927	-0.07666640400186107	0.010710461907647127	-0.013500490511321015	0.04115381235740339	-0.021997270778930548	-0.013546489478978756	0.04642413682494312	0.027257340635003024	0.04588361494259864	0.06475451946669916	0.034387715370918955	-0.05523092353334301	0.12488592208803428	0.1654531992091339	0.010657938743926716	0.01951736981620707	3.678026076766405e-06	-0.039369067720054406	-0.09813861499279908	-0.09079310813040271	0.007179580933716619	0.015010478797308574	0.01166412292146283	0.05105034170384451
email_activity	0.01769067205858269	0.0029436963686218284	0.0785213398958942	0.0048204793757678785	0.06808318183885571	-0.06712456787029153	-0.016648800126963334	-0.006002930943994007	1.0	0.0	0.0	-0.062205245508842384	-0.014441280189584144	0.0	-0.010193340979644397	-0.05560085934881144	-0.01444128018958415	0.0	-0.017718552421506165	0.01705022200650875	-0.01444128018958414	0.05467559015783606	0.01937335283972992	0.0	0.010928979878946846	-0.09258304327591514	-0.02295698390388773	0.09320153528302424	-0.0015608774697686678	0.0	0.05297023172040122	-0.05211532854180722	-0.010193340979644432	0.0	-0.01019334097964445	-0.03102484663179651	-0.025193632861934937	0.021850280245289636	0.0	0.13013400610274217	0.0	0.01937335283972972	0.3491219285528234	0.04219193686937034	-0.03078411566437014	-0.025193632861934892	-0.055600859348811774	0.05467559015783613	-0.04190722319491007	-0.05320523131900779	0.06994301597603193	0.004282611385965136	-0.05056939833928048	-0.020455392880688296	0.08166924211498536	0.0010604419808556156	0.07552891668465407	-0.07229930601935844	0.10190848813783011	-0.007708462671124846	-0.05686662104012044	0.020404721323473898	0.08243076051548695	0.05271214525281869	-0.04637835955673728	-0.003824104541110545	-0.01771907062663412	-0.06874472350790081	-0.0099961090320004	0.023665173342425808	0.020097888692309322	0.09233566612782534	0.1021548623789649	-0.013307726266750081	-0.016138705366128443	-0.00310361589342806	-0.108130585906841
just_woke_up_activity	0.0	0.0	0.0	0.0	0.0	0.0	0.0	0.0	0.0	0.0	0.0	0.0	0.0	0.0	0.0	0.0	0.0	0.0	0.0	0.0	0.0	0.0	0.0	0.0	0.0	0.0	0.0	0.0	0.0	0.0	0.0	0.0	0.0	0.0	0.0	0.0	0.0	0.0	0.0	0.0	0.0	0.0	0.0	0.0	0.0	0.0	0.0	0.0	0.0	0.0	0.0	0.0	0.0	0.0	0.0	0.0	0.0	0.0	0.0	0.0	0.0	0.0	0.0	0.0	0.0	0.0	0.0	0.0	0.0	0.0	0.0	0.0	0.0	0.0	0.0	0.0	0.0
getting_ready_activity	0.0	0.0	0.0	0.0	0.0	0.0	0.0	0.0	0.0	0.0	0.0	0.0	0.0	0.0	0.0	0.0	0.0	0.0	0.0	0.0	0.0	0.0	0.0	0.0	0.0	0.0	0.0	0.0	0.0	0.0	0.0	0.0	0.0	0.0	0.0	0.0	0.0	0.0	0.0	0.0	0.0	0.0	0.0	0.0	0.0	0.0	0.0	0.0	0.0	0.0	0.0	0.0	0.0	0.0	0.0	0.0	0.0	0.0	0.0	0.0	0.0	0.0	0.0	0.0	0.0	0.0	0.0	0.0	0.0	0.0	0.0	0.0	0.0	0.0	0.0	0.0	0.0
errands_activity	-0.024802529131975466	0.0074367182839814115	0.0912102361099235	0.11683990478581642	0.009661866116814266	0.03917844147756202	-0.02363038009934497	-0.14221348178404714	-0.062205245508842384	0.0	0.0	1.0	0.23215534431949802	0.0	-0.021717215278148946	-0.005982791913667796	0.10069388428315514	0.0	0.06978012084891912	-0.24083668668194225	-0.03076757575318606	-0.03712972218642447	0.0365090442572657	0.0	-0.23096358067988412	-0.06556351588644697	0.03468201578472615	0.03650904425726579	-0.03458515572620626	0.0	-0.05314764427350816	0.0471050164794206	-0.02171721527814888	0.0	-0.021717215278148908	-0.06609935590497484	0.022771543888203686	0.08051237846596455	0.0	-0.09505863757867053	0.0	-0.03975429263568938	-0.021717215278148905	-0.09838356530188357	0.05771609486641709	-0.05367578202219417	-0.04347495457265124	0.012027938173066991	-0.08928458192958919	0.018511586113989727	0.01571542852887211	0.020413744816986802	0.010171952451944731	0.09416425811435883	0.056837569003422156	-0.021134313669759618	-0.0355628076690199	0.06801031173518683	-0.04014769431801545	-0.036206401602329914	-0.13762104368179365	-0.009777631044909082	0.005518592618402697	0.032101386300839745	0.04918978138402543	-0.2362325117506705	-0.1489576659479573	-0.009925569528527196	0.05496694158692847	-0.004888052242234649	-0.04653074426847149	0.10620942014565712	0.1360872580301352	-0.03342535533432901	-0.03410847092126406	-0.015140509287983826	-0.10645722293442993
resting_activity	-0.07406646984142987	0.046085343139163536	0.031641787140317915	-0.04564185190895109	0.0272323353225056	-0.03894467253662296	0.028049539083191563	-0.11313958533980444	-0.014441280189584144	0.0	0.0	0.23215534431949802	1.0	0.0	-0.005041767590559293	-0.027500954910846337	-0.007142857142857121	0.0	-0.008763841367493648	-0.07650185986113024	-0.00714285714285731	0.16826944684514933	-0.026934112730353864	0.0	-0.07928249671720827	-0.0457928551547523	-0.011354842112585693	-0.026934112730353895	-0.06608590574983078	0.0	-0.034360406637202044	-0.02577696311132319	-0.005041767590559371	0.0	-0.005041767590559424	-0.015345318729416128	-0.012461119656980588	-0.02635963697336178	0.0	-0.022068370737618206	0.0	-0.026934112730353964	-0.005041767590559344	-0.036827146210517976	-0.015226249859647566	-0.012461119656980577	-0.02750095491084612	0.16826944684514938	-0.020727892860285996	0.10645003019754244	0.0528051576963826	-0.021699387495606404	0.11933011367281429	0.08290951531326562	-0.02848034362257473	-0.02591451001096302	0.05033299902281789	-0.062275327609613934	0.03033584155807844	-0.009738341270022977	-0.08344012029816945	-0.22433767730967275	-0.028299954376219818	-0.011855316204078266	0.012866367453098132	-0.06214223074204717	-0.16483035883096564	-0.034002092120358464	0.012537813084147547	0.002815954045936832	-0.02265553523685314	0.16450340912325684	0.25741116730727603	-0.031204668588772955	-0.031066296953605337	-0.03378253100243547	0.07190335610624024
with_parents_activity	0.0	0.0	0.0	0.0	0.0	0.0	0.0	0.0	0.0	0.0	0.0	0.0	0.0	0.0	0.0	0.0	0.0	0.0	0.0	0.0	0.0	0.0	0.0	0.0	0.0	0.0	0.0	0.0	0.0	0.0	0.0	0.0	0.0	0.0	0.0	0.0	0.0	0.0	0.0	0.0	0.0	0.0	0.0	0.0	0.0	0.0	0.0	0.0	0.0	0.0	0.0	0.0	0.0	0.0	0.0	0.0	0.0	0.0	0.0	0.0	0.0	0.0	0.0	0.0	0.0	0.0	0.0	0.0	0.0	0.0	0.0	0.0	0.0	0.0	0.0	0.0	0.0
reading_activity	0.06549493513246388	-0.04307441004212345	-0.018299696427646794	0.03558205547430667	-0.12629674778255817	-0.04370635712145969	0.10943774618970567	0.04456236581932686	-0.010193340979644397	0.0	0.0	-0.021717215278148946	-0.005041767590559293	0.0	1.0	-0.019411479245051263	-0.005041767590559289	0.0	-0.006185935192560551	-0.053998643673149646	-0.005041767590559294	-0.014139590726420306	-0.019011375130211765	0.0	-0.05596134914264268	-0.03232277061977692	-0.008014786494281412	-0.019011375130211786	0.07629111734724481	0.0	-0.024253205841464006	-0.018194604007679707	-0.003558718861209986	0.0	-0.0035587188612099924	-0.01083145428914835	-0.00879564969201049	-0.0186058828747686	0.0	-0.015576903490592141	0.0	-0.019011375130211745	-0.003558718861209983	-0.025994347710376772	0.049867981609056415	-0.00879564969201049	-0.01941147924505125	-0.01413959072642031	-0.014630730582100583	-0.04774423057773597	-0.0326174055701328	0.029192605567670865	-0.0176548858739655	0.07274266510579905	-0.020102778282200442	-0.018291691137789598	-0.012893798660619614	0.01931878900639463	-0.03390242378198529	-0.0053504944032164966	0.0036721932218998546	-0.012459777688060255	0.03782259615966836	0.0010316543057467048	0.2533911792921198	0.03089813847045291	-0.015215540244076588	-0.024000290448908872	0.010581663471051482	-0.006378228566325214	-0.015991352062551565	-0.04951801092179476	-0.03867018979260329	-0.022025736147102896	-0.021928066879512917	-0.02384531379092036	0.08868289867406709
with_friends_activity	0.21109690527570632	0.38617510379191883	0.13003411447076474	-0.46336036191817653	0.11219766507643097	-0.06148257396191456	-0.07568420162966273	-0.08369772347968565	-0.05560085934881144	0.0	0.0	-0.005982791913667796	-0.027500954910846337	0.0	-0.019411479245051263	1.0	-0.027500954910846257	0.0	-0.03374196088105565	0.06880386486880549	-0.027500954910846438	-0.07712617450935921	-0.02038545726180166	0.0	0.057041332441088215	-0.03244568248883762	-0.04371766013412017	-0.020385457261801607	-0.055749480468839686	0.0	-0.02866330114065757	0.030324785955697157	0.18333063731437338	0.0	-0.019411479245051422	-0.05908152858583469	-0.04797697657554031	0.4921046479794253	0.0	0.013636547023113116	0.0	-0.1036999347665572	-0.01941147924505132	-0.07597113003491668	-0.31578308530343624	0.03553850116706663	-0.10588235294117591	-0.07712617450935924	0.3890501480417244	0.05755429195550231	-0.04487968842636104	0.11297103209740605	-0.09630079365125996	-0.017130109755179736	0.08776227429010217	0.14455373549721096	0.08000624866393523	-0.05991451569189466	0.05810615078851062	-0.02784578425313611	-0.010946862938383612	0.04048305321444282	0.11076200858871867	0.13634619663729983	-0.032155748883948995	0.058922413608863584	-0.03629676179255094	0.14254927590258273	0.23265895122897476	0.18154170796438746	0.13588398794649587	0.03534184138506516	-0.062326180430796005	-0.03517702027343326	-0.03505937208342389	-0.06059820268493624	-0.042444074152729425
therapy_activity	0.08198588451392312	0.010381863014866497	0.03164178714031796	0.05041040360093128	0.027232335322505526	-0.015968945224222056	0.009907406006448388	-0.025003223279514476	-0.01444128018958415	0.0	0.0	0.10069388428315514	-0.007142857142857121	0.0	-0.005041767590559289	-0.027500954910846257	1.0	0.0	-0.008763841367493702	-0.07650185986113012	-0.007142857142857122	-0.020032077005375012	-0.026934112730354016	0.0	-0.07928249671720909	-0.04579285515475233	-0.011354842112585844	-0.026934112730354048	-0.06608590574983074	0.0	-0.034360406637202565	-0.025776963111323388	-0.005041767590559303	0.0	-0.005041767590559311	-0.015345318729416404	-0.012461119656980667	-0.026359636973361758	0.0	-0.022068370737618647	0.0	0.11913165246118176	-0.005041767590559298	-0.03682714621051766	-0.015226249859647156	-0.012461119656980676	-0.02750095491084629	-0.020032077005375015	-0.020727892860286038	0.11855273361794644	-0.046210275299946285	-0.0203320667640849	-0.025012324627441275	0.10061737447285753	0.13272042445227228	-0.02591451001096288	-0.048505327007426456	0.07439473184067745	-0.052490698362913264	-0.009350985542169912	-0.01526830381581418	-0.00675599155721351	0.08976644492023088	0.09095076294806173	-0.03487462757023974	-0.003103383979157296	0.029612851784691467	0.05316690767910626	0.035847182447389304	0.014668178537790308	0.1729218403792454	0.020098860102997034	-0.005724145068625762	-0.031204668588773334	-0.03106629695360525	-0.033782531002435875	-0.02661440477783979
commuting_activity	0.0	0.0	0.0	0.0	0.0	0.0	0.0	0.0	0.0	0.0	0.0	0.0	0.0	0.0	0.0	0.0	0.0	0.0	0.0	0.0	0.0	0.0	0.0	0.0	0.0	0.0	0.0	0.0	0.0	0.0	0.0	0.0	0.0	0.0	0.0	0.0	0.0	0.0	0.0	0.0	0.0	0.0	0.0	0.0	0.0	0.0	0.0	0.0	0.0	0.0	0.0	0.0	0.0	0.0	0.0	0.0	0.0	0.0	0.0	0.0	0.0	0.0	0.0	0.0	0.0	0.0	0.0	0.0	0.0	0.0	0.0	0.0	0.0	0.0	0.0	0.0	0.0
meditation_activity	0.06338662181445189	-0.07487399802291751	0.2271742678665844	0.06185042926018519	-0.008745522636961543	0.11195944220102254	0.012155770844541497	0.0053685449211934135	-0.017718552421506165	0.0	0.0	0.06978012084891912	-0.008763841367493648	0.0	-0.006185935192560551	-0.03374196088105565	-0.008763841367493702	0.0	1.0	-0.02438960439631668	-0.00876384136749364	-0.024578112319113644	-0.03304648078802204	0.0	0.04126805090663566	-0.056184984567721	0.509899667481621	-0.03304648078802209	-0.08108329524661169	0.0	0.05691340993420276	-0.031626730190072075	-0.006185935192560552	0.0	-0.0061859351925605665	-0.01882775147095296	0.4637668984712103	-0.03234163477149718	0.0	-0.027076518053694133	0.0	0.3253807339128358	-0.006185935192560546	-0.04518461743690591	-0.12404623152899237	-0.015289018630918898	-0.033741960881055764	-0.024578112319113648	-0.02543183508739331	0.044859773223576656	0.017858512094533697	0.0800189978168941	-0.030688566337401406	0.026330562658474475	-0.03494360990399346	-0.031795491679336645	0.12340488250635459	-0.0476151040646577	0.040607624175153484	-0.009078640984341713	-0.05407740524621544	-0.045075752021588075	0.059534038214087585	0.08185279228953336	-0.023263921530134523	0.08893240285983288	-0.06830271662710098	-0.04171845181080183	0.04749443870669533	0.013149628532473168	-0.027796932367601886	0.11570851967339522	0.0652004278971151	-0.03828618716121135	-0.0381164137727587	-0.04144906397769014	0.02228903732551953
schoolwork_activity	0.31823395730605825	0.1292582940122233	-0.04949524333958018	-0.2539259187243153	0.400328990545178	-0.03152389536772785	-0.11114571310663213	0.051818618924868304	0.01705022200650875	0.0	0.0	-0.24083668668194225	-0.07650185986113024	0.0	-0.053998643673149646	0.06880386486880549	-0.07650185986113012	0.0	-0.02438960439631668	1.0	-0.07650185986113024	0.13481095356801848	0.031799992491807524	0.0	0.9649274812068855	-0.3713398422256533	-0.06760551245494568	-0.14065381294453527	-0.4287202318889489	0.0	-0.24543585817382324	-0.12282209646410135	0.06590385645148242	0.0	-0.05399864367315008	-0.042705731134530196	-0.08407044797452277	-0.006491104256089131	0.0	0.20099735158783888	0.0	0.10570876625024063	-0.05399864367314981	0.2089124304002209	-0.30067821952995094	0.16288649295063748	0.09302694838066865	0.1665709275915622	0.14770941305079563	-0.010720173712834291	0.19912060432081244	-0.1160155817308326	-0.06011849588524146	-0.21159950887436083	0.021024087275439907	0.0024321272506436188	0.009578087350305582	-0.04710767163207873	0.19971223772805077	-0.041783062755758264	0.1984907663684704	-0.03527764908636151	-0.038263788484962126	-0.10220779564191806	-0.002105865776238707	0.2708743751975169	0.4146858985571125	0.04749606556113305	0.0386860360896805	0.025161947099048555	0.03224631296113928	-0.0744717009294807	-0.07863620061363788	-0.18324317440209384	-0.1830935695271658	-0.1958195843909822	-0.07582974526161311
washing_up_activity	-0.12898067392020587	-0.0967285773580248	0.0028579678707383828	0.05041040360093135	-0.17892923678344275	-0.038944672536622885	0.13690233754365125	-0.11313958533980499	-0.01444128018958414	0.0	0.0	-0.03076757575318606	-0.00714285714285731	0.0	-0.005041767590559294	-0.027500954910846438	-0.007142857142857122	0.0	-0.00876384136749364	-0.07650185986113024	1.0	-0.020032077005374977	-0.026934112730353874	0.0	-0.07928249671720791	-0.0457928551547523	-0.011354842112585604	-0.0269341127303539	-0.06608590574983092	0.0	-0.03436040663720182	-0.025776963111323038	-0.005041767590559371	0.0	-0.005041767590559424	-0.015345318729416014	-0.012461119656980517	-0.02635963697336183	0.0	-0.022068370737618206	0.0	-0.026934112730353902	-0.005041767590559344	-0.03682714621051796	0.07064979934876513	-0.012461119656980543	-0.027500954910846063	-0.02003207700537498	-0.020727892860286	0.08597624449633759	0.026247178321780067	0.06580215690891003	0.24912125298158558	0.058210399674313296	0.09915066797132263	-0.025914510010963013	0.20197536224730175	-0.11538494629766709	0.06346645752647508	-0.008285007053473766	-0.040261986591612814	0.02140604627117044	-0.046312755546467826	-0.01130222538470406	-0.028907003192322433	0.01145642190988495	-0.13412879926007237	-0.034002092120358506	-0.046349014780884185	-0.014962382691843393	0.04253692330184584	0.0862842784039491	0.018351044243709504	0.05366631712860046	0.04454669814301863	0.10195338227486443	0.0898156762669821
with_k_activity	-0.01835134418391242	0.2827787105973044	0.05644951801100204	-0.3973798179430748	0.20164478281891976	-0.12210701817412736	-0.012918327159272535	0.012271229105886575	0.05467559015783606	0.0	0.0	-0.03712972218642447	0.16826944684514933	0.0	-0.014139590726420306	-0.07712617450935921	-0.020032077005375012	0.0	-0.024578112319113644	0.13481095356801848	-0.020032077005374977	1.0	0.08831956590526208	0.0	0.12599665096712287	-0.12842564010583793	-0.03184455002164752	-0.07553647084002706	-0.12020943505483789	0.0	-0.051072625127579624	-0.07229125540150448	-0.014139590726420346	0.0	-0.014139590726420364	0.2266552391629446	-0.03494709519585649	-0.07392535887577603	0.0	0.06739192381586913	0.0	-0.07553647084002701	-0.014139590726420329	0.026164619313968192	-0.18720503033227878	0.0745538030844936	-0.023423504850990425	0.6479400749063675	-0.0581311844310979	-0.07024654300184828	0.12417054102251208	-0.005269282060525661	-0.0701468338228483	-0.05499456762418629	-0.07987286112217373	-0.0726770044134641	0.1666414559552221	-0.13810137884869952	0.3152186746542659	0.26010258318934176	0.04873083673344725	-0.0420565664554977	-0.02821734588456959	0.029601969392202755	-0.026398008619233342	0.11321579062032124	-0.037494167257854406	0.0024273086441632726	-0.059797669161473783	-0.01869424629419721	-0.06353723970476716	-0.023504229571534953	0.03423895540706422	-0.08751320537365197	-0.08712514339850494	-0.0947427967468163	0.17486033303701545
eating_activity	-0.09979302035942274	0.05985995735335738	0.03582383186936144	0.05078189872292864	0.08773724084882666	-0.006900655840075923	-0.11524812915672684	-0.017587135068452983	0.01937335283972992	0.0	0.0	0.0365090442572657	-0.026934112730353864	0.0	-0.019011375130211765	-0.02038545726180166	-0.026934112730354016	0.0	-0.03304648078802204	0.031799992491807524	-0.026934112730353874	0.08831956590526208	1.0	0.0	0.06951261708183923	0.0029055820301038277	0.14294145095263397	0.025540865384614888	0.05392360533270786	0.0	-0.059301081987236666	0.07850700434778851	-0.019011375130211755	0.0	-0.01901137513021175	0.08160273315302971	0.1228919230428244	-0.09939628072804295	0.0	0.11735431503106432	0.0	-0.01682692307692301	-0.01901137513021176	0.0954264927283991	0.04222194166102219	-0.046988088222256676	0.021271781490575774	0.08831956590526209	-0.025176614614328123	-0.02470709258799197	0.00356931749280251	-0.07493935524099306	-0.04801783518554119	-0.03473155151967393	-0.02700721792114438	-0.0977178067582026	-0.004081381527421644	0.01714022008330759	0.017551879822498465	-0.012706729351258005	-0.01823849556063986	0.0020268992255402128	-0.01430307636879372	-0.01456342028364	0.0017800726431330344	-0.026415760440907394	0.016673723998420768	-0.027077418311193053	-0.12673229007114892	-0.090798314206589	-0.06651924023248525	0.00248790581093709	-0.0036167756959363585	-0.07533462590569184	-0.07565391435478468	-0.0915985543636361	-0.07697656501087205
trying_to_leave_apt_activity	0.0	0.0	0.0	0.0	0.0	0.0	0.0	0.0	0.0	0.0	0.0	0.0	0.0	0.0	0.0	0.0	0.0	0.0	0.0	0.0	0.0	0.0	0.0	0.0	0.0	0.0	0.0	0.0	0.0	0.0	0.0	0.0	0.0	0.0	0.0	0.0	0.0	0.0	0.0	0.0	0.0	0.0	0.0	0.0	0.0	0.0	0.0	0.0	0.0	0.0	0.0	0.0	0.0	0.0	0.0	0.0	0.0	0.0	0.0	0.0	0.0	0.0	0.0	0.0	0.0	0.0	0.0	0.0	0.0	0.0	0.0	0.0	0.0	0.0	0.0	0.0	0.0
work_activity	0.2971084249800876	0.14525616546166775	-0.0360479045069987	-0.23199301055367377	0.41061422049229096	-0.014962501831924272	-0.12191229210697278	0.048566790205656026	0.010928979878946846	0.0	0.0	-0.23096358067988412	-0.07928249671720827	0.0	-0.05596134914264268	0.057041332441088215	-0.07928249671720909	0.0	0.04126805090663566	0.9649274812068855	-0.07928249671720791	0.12599665096712287	0.06951261708183923	0.0	1.0	-0.38951291866017645	0.1432200369911041	-0.15156886431378438	-0.44061284269218043	0.0	-0.2591684674403932	-0.13330249819628281	0.06359244220754881	0.0	-0.05596134914264241	-0.04903327853878841	0.1571736533654826	-0.017554805787182323	0.0	0.19113442689898896	0.0	0.11864183516975525	-0.05596134914264258	0.23163334915080258	-0.3134265544080782	0.15717365336548286	0.12949924121760664	0.15766425842944817	0.13856505118824053	0.00033888405330426754	0.19873853030641045	-0.0874105223427999	-0.07045977390222526	-0.20308321765037257	0.03357824535359062	-0.008470377382258833	0.019023486626668668	-0.051616413093044794	0.20256379411919015	-0.043742820682143815	0.18535669715110792	-0.022807746287127853	-0.03764986996961876	-0.1133585258875058	-0.007729895279333132	0.2710763280398569	0.40957999030068176	0.06238147206073923	0.019086663578897215	0.011323343722546252	0.022627295793521282	-0.05315624362588687	-0.014205182209877215	-0.19582986618819667	-0.19562251978260023	-0.20945353057217597	-0.0785147934025102
tv_activity	0.024088864230828327	-0.23386656809672351	-0.1835106002261966	0.14998986939046224	-0.41914672793560437	-0.024125169516443477	0.2016335641499478	0.08691030179303035	-0.09258304327591514	0.0	0.0	-0.06556351588644697	-0.0457928551547523	0.0	-0.03232277061977692	-0.03244568248883762	-0.04579285515475233	0.0	-0.056184984567721	-0.3713398422256533	-0.0457928551547523	-0.12842564010583793	0.0029055820301038277	0.0	-0.38951291866017645	1.0	-0.07279588962334158	-0.11414786546836654	0.6929292204619525	0.0	-0.09895595351387729	-0.013556164726458889	-0.032322770619777015	0.0	-0.03232277061977707	-0.09837883410315419	-0.07988823465254154	0.039501792413739814	0.0	-0.10684711565202959	0.0	-0.08488450359374913	-0.03232277061977698	-0.14362678466409232	0.22927436713417002	-0.07988823465254143	-0.08999085520488821	-0.12842564010583796	-0.13288651535800272	0.01609628412010439	-0.07448629298944713	0.047756406892715805	-0.035848753845548045	0.03385694797643193	-0.07704672504608308	0.057220667105519395	-0.1709094626360398	0.23593417536208175	-0.22087197819843898	-0.04142030426970932	-0.0580495772118984	0.010932574072439648	0.022148098188949007	0.12707805126381888	-0.01196424120936326	-0.21600001272117034	-0.09309181962967915	-0.09574105830198582	-0.14451197502013693	-0.11848176174862968	-0.1321837290493226	-0.007360875145898009	-0.05828507934710157	0.17048682250916322	0.1739313372671031	0.12233599047283666	0.13620217408943744
working_out_activity	-0.032228928681156746	-0.02890180837273633	0.08690585059813795	0.08013630432084216	-0.0058689326076896385	0.07688173713164312	0.0042135251591622494	-0.011725386054222967	-0.02295698390388773	0.0	0.0	0.03468201578472615	-0.011354842112585693	0.0	-0.008014786494281412	-0.04371766013412017	-0.011354842112585844	0.0	0.509899667481621	-0.06760551245494568	-0.011354842112585604	-0.03184455002164752	0.14294145095263397	0.0	0.1432200369911041	-0.07279588962334158	1.0	-0.042816563649406406	-0.04968035852103784	0.0	-0.054621978920555564	-0.04097706847794353	-0.008014786494281367	0.0	-0.00801478649428134	-0.024394113987576408	0.9112216578567921	-0.041903332236864654	0.0	-0.0350816011570741	0.0	0.14294145095263397	-0.008014786494281381	0.014830969408030087	-0.05150788427762778	-0.019809166475147695	0.04760367436826431	-0.03184455002164752	-0.0329506731057201	0.04169651558932377	-0.01550078796546435	0.10784093233580236	-0.03976153958186754	0.029873384572871007	0.047698569303443204	-0.041195723743931364	0.04672367086211206	-0.014924355700557059	0.01277526916406397	-0.0070081112100490155	-0.04419764876912593	0.04096684427221554	0.0011665787854469977	-0.04263308490108792	-0.0364662234437714	0.02770322425508098	-0.05378999135895717	0.0013758786173591665	-0.040916123274514334	-0.02566949096218656	-0.036015003582682704	0.1486420461117835	0.2530105390284621	-0.04960537190015203	-0.049385405570324975	-0.05370334279746715	0.011793825916357945
feedly_activity	-0.08597971259881097	-0.06441372098023868	0.0024277307547831465	0.05078189872292856	-0.18135897337996146	-0.07354397593943904	0.05314551033652186	-0.11984635340461287	0.09320153528302424	0.0	0.0	0.03650904425726579	-0.026934112730353895	0.0	-0.019011375130211786	-0.020385457261801607	-0.026934112730354048	0.0	-0.03304648078802209	-0.14065381294453527	-0.0269341127303539	-0.07553647084002706	0.025540865384614888	0.0	-0.15156886431378438	-0.11414786546836654	-0.042816563649406406	1.0	0.25600276418750567	0.0	-0.1295653892158108	-0.009346071946165152	-0.019011375130211783	0.0	-0.019011375130211776	0.15133597784743713	-0.04698808822225664	0.15933988387480247	0.0	-0.03307257969057197	0.0	-0.10156249999999874	0.18718892435900766	-0.10539642480450126	0.04222194166102191	-0.04698808822225672	-0.10369993476655837	-0.02091779192493069	-0.025176614614328168	0.035680579050093704	-0.03281951539449896	-0.08343833743099556	-0.09431586796292031	0.12114721973211431	-0.06832548298726343	0.01342528418941998	-0.07477209797371039	0.09798568346365241	-0.08251998309558335	-0.025580519005778152	-0.11635399857649735	0.05486698861389965	-0.0263580140526047	-0.028535163112237385	0.11256197286128654	-0.24963718835012327	-0.2267373831603439	-0.0017932065106747246	0.11560005868067912	0.024369740883320598	0.028029276630220708	0.01121414261049263	0.02284404788378565	0.059019526868286876	0.05764094578254065	0.047513004878600475	-0.025020147267775097
leisure_activity	-0.009845774340645002	-0.17561963026350166	-0.09551244113960175	0.11757151011739383	-0.4165313547837087	-0.07622554273372126	0.1418621658349134	0.035402213143769685	-0.0015608774697686678	0.0	0.0	-0.03458515572620626	-0.06608590574983078	0.0	0.07629111734724481	-0.055749480468839686	-0.06608590574983074	0.0	-0.08108329524661169	-0.4287202318889489	-0.06608590574983092	-0.12020943505483789	0.05392360533270786	0.0	-0.44061284269218043	0.6929292204619525	-0.04968035852103784	0.25600276418750567	1.0	0.0	-0.19222757186403955	-0.05516454722436478	-0.04664656889231562	0.0	0.07629111734724496	-0.01724933554019674	-0.06464894191760868	0.09034958775191267	0.0	-0.14438696192117853	0.0	-0.09763576380839112	0.07629111734724489	-0.14117297176771174	0.14872046701989017	-0.0646489419176087	-0.05574948046884005	-0.12020943505483798	-0.0970076913706786	0.041498430234420645	-0.10596855290819933	-0.0104621198087768	-0.12394278139673572	0.11295585914450444	-0.08029287743334969	-0.005670689541220476	-0.1405201725938377	0.19882754664407537	-0.22875683405204247	-0.057635445425322986	-0.1545788780931697	-0.01012687604027472	0.053953500164911766	0.09836672125471133	0.06227933844923198	-0.2511291186224628	-0.14103737826702953	-0.10354417579934046	-0.055423722243507195	-0.07642998749590196	-0.14196524091312035	0.040801883401926115	0.014566630040043585	0.14858768186380278	0.15177631253102647	0.12742016823510133	0.07359708914864167
cooking_activity	0.0	0.0	0.0	0.0	0.0	0.0	0.0	0.0	0.0	0.0	0.0	0.0	0.0	0.0	0.0	0.0	0.0	0.0	0.0	0.0	0.0	0.0	0.0	0.0	0.0	0.0	0.0	0.0	0.0	0.0	0.0	0.0	0.0	0.0	0.0	0.0	0.0	0.0	0.0	0.0	0.0	0.0	0.0	0.0	0.0	0.0	0.0	0.0	0.0	0.0	0.0	0.0	0.0	0.0	0.0	0.0	0.0	0.0	0.0	0.0	0.0	0.0	0.0	0.0	0.0	0.0	0.0	0.0	0.0	0.0	0.0	0.0	0.0	0.0	0.0	0.0	0.0
ash_stuff_activity	-0.15888460699703044	-0.04452102447047096	0.1660577864871216	0.10388050388120842	0.11240501309304306	0.07238913477627343	-0.057067189849367025	0.028114732078361886	0.05297023172040122	0.0	0.0	-0.05314764427350816	-0.034360406637202044	0.0	-0.024253205841464006	-0.02866330114065757	-0.034360406637202565	0.0	0.05691340993420276	-0.24543585817382324	-0.03436040663720182	-0.051072625127579624	-0.059301081987236666	0.0	-0.2591684674403932	-0.09895595351387729	-0.054621978920555564	-0.1295653892158108	-0.19222757186403955	0.0	1.0	-0.05114957546028528	-0.024253205841463843	0.0	-0.024253205841463774	-0.07381799481283263	-0.05994367939961693	-0.0552856276718473	0.0	0.018577815712945447	0.0	-0.0944332356015235	-0.024253205841463902	-0.03838367014545954	0.15396145063900346	0.010490143894933005	-0.06320625379734773	-0.05107262512757967	-0.01184063800572123	-0.04139739494765922	-0.1492529656896732	0.05785240913544395	0.055073199246268904	0.002196107713045917	-0.10210483732629057	-0.026996410421865447	0.11327356758061119	-0.12950464306391454	0.08608761196615416	-0.01450093740623894	0.08274094903368819	-0.008057416207881545	0.09749571660161109	-0.005347761508195016	-0.07015909371396038	0.050302432915932664	-0.07415849590249456	0.04609575990078826	-0.019652870190578244	0.05773235261347053	0.14190093466264803	-0.037904097690567747	-0.07670918326132851	0.06756827315480038	0.06567648076425761	0.07481290052822893	-0.04186100324487636
