index	mood	unique_interactions	alone	morale	stress	fatigue	compulsions	getting_ready_activity	_activity	relaxing_activity	just_woke_up_activity	in_class_activity	with_k_activity	with_friends_activity	chatting_activity	emails_activity	leisure_activity	with_parents_activity	resting_activity	trying_to_leave_apt_activity	eating_activity	therapy_activity	working_out_activity	feedly_activity	working_activity	mozfest_activity	ash_stuff_activity	reading_activity	schoolwork_activity	email_activity	schoolworking_activity	commuting_activity	tv_activity	errands_activity	meditation_activity	washing_up_activity	sstudying_activity	cooking_activity	studying_activity	work_activity	shopping_activity	workshop_activity	la_location	k_home_location	cafe_location	parsons_location	airport_location	friend_home_location	mountain_view_location	mozfest_house_location	home_location	mozfest_location	parents_home_location	school_location	therapy_location	vacation_location	london_location	library_location	hour_of_day	avg_attention	avg_engagement	avg_valence	blinks	emoji	Sadness_score	Analytical_score	Joy_score	Fear_score	Tentative_score	Anger_score	Confident_score	word_count	uniqueword_ratio	backspace_count	avg_dwelltime	avg_flighttime	stepCount	current_tabCount	current_windowCount	tabs_activated	tabs_created	windows_created	productivity_score	phone_unlocks	phone_use_secs	heart_rate
mood	1.0	0.35823645886756833	-0.31369523618504824	0.6417009223413932	-0.15432167899039362	-0.26163526426556316	-0.17135629441097283	-0.030055716260574607	0.0	0.0	0.0	0.11107787325682807	0.11070007635320077	0.4549084104967418	0.14136612829916131	0.0	-0.061334561137859504	0.0	0.019560484186866046	0.0	0.11578566327230994	-0.0067371899343617175	-0.016619968935141737	-0.11094394995166802	-0.05740261211803472	0.06114785348738769	-0.0811458310795022	-0.040233264589266154	0.06873072769155222	0.04832680055556204	-0.004760566068934997	0.0	-0.20260691880586462	-0.01605287806135219	-0.06541584876590371	-0.005590621887215732	0.06114785348738797	0.031461592740709296	-0.02615589237891982	0.048192821149472966	0.0	0.0	0.007731332125948038	0.0740131734782618	0.09277902746087362	0.0	-0.03005571626057443	0.02646724621064522	0.04989299680619557	0.00773133212594788	-0.2957726671938659	-0.008257147577068759	-0.12091356534820119	0.32469125056793086	0.0	0.03904103883188442	-0.004719288017858933	-0.010674977467013045	0.07829326173665263	-0.08817719344045805	0.2136717371326867	0.13686643830548062	0.04882717580826097	0.20523465395270607	-0.14321285880551254	0.00831985127204094	0.16042909426490762	-0.11700417571611342	-0.024376247408517404	0.002963132471009663	-0.014497919545711875	0.00788016141336963	-0.03055548619520194	0.028994319901561125	0.020564442217379564	-0.029732097338296334	0.11116331013482171	0.097088365510612	0.09791424170427272	0.02790587514872849	-0.0018778996275165452	-0.0409391430574751	0.056426099976279925	-0.036621596997426224	0.002815729794084525	-0.19194436996226633
unique_interactions	0.35823645886756833	1.0	-0.40507754952206715	0.19410171056908113	0.061788700035151224	-0.11586879719749546	-0.03528764837409232	-0.03486041248407239	0.0	0.0	0.0	0.17164933668210564	-0.01117199566173484	0.33246533369110204	0.18898951955530893	0.0	0.021636380326153563	0.0	0.0669960809474713	0.0	0.05268583374767879	0.00997808559375723	0.0369051607628262	-0.06266671084473478	-0.0011597106370224845	0.04929505956063423	0.06368973759829812	-0.050499410579769054	-0.0804600516833207	0.11293087972093904	0.028172837525338345	0.0	-0.13697342673836227	-0.014267489339314758	0.10992588774153748	-0.030150024340653135	0.07041728159593008	-0.059634685477905916	-0.009283217502880133	-0.08217873083185717	0.0	0.0	0.007110424159690452	-0.014131471479385208	0.03475571114882255	0.0	0.009978085593757244	-0.01895405556838003	0.01071597275243643	-0.05661526275753639	-0.41169591258539473	0.0977138032978305	0.0746139421827351	0.4266886763742152	0.0	0.012493094551281302	0.03027686315049555	-0.04102661927659255	0.11578231698868038	-0.09660324952356263	0.12431510564188886	0.11380184202603984	0.08748105943022681	0.09037258876255136	-0.04442175778548576	0.003424410775673062	0.10047854867184196	0.0117729478512484	0.06776780949195411	0.08762499478556271	-0.06064948998943812	0.07878194225313442	-0.04357575946832907	0.006711602889886689	-0.09172418235047004	-0.14261827068324281	0.09466722797378087	0.06548291714524655	0.08340465327517467	0.07700197407919745	-0.02034805303968694	-0.05056344540745732	-0.06399279456503645	0.012384845095546807	-0.027686620552654632	-0.12965380973255045
alone	-0.31369523618504824	-0.40507754952206715	1.0	-0.2184680801325893	-0.08282118329613224	0.18135168695718631	0.1464643381641088	0.03613016429417023	0.0	0.0	0.0	-0.4368210996584317	-0.1750784118838767	-0.3559301150186338	-0.00046449873616063975	0.0	0.15613519392942088	0.0	0.07030571332586738	0.0	0.0671881327224647	0.036130164294170555	0.04226419840158425	0.1380400750110118	0.04316561558976781	-0.0550136251845944	0.07487617741606972	0.021125924519865277	-0.055151213159729956	0.06398777271382869	0.02552993694398035	0.0	0.20309797060330165	0.18014098811599255	0.044281384593171276	0.17043277845698523	-0.05501362518459403	0.1377283894091524	0.002932073259292274	-0.044499333096081735	0.0	0.0	0.023023815414539735	-0.13897599107131967	-0.1233612139229531	0.0	-0.07785570801442716	-0.16429660057436948	0.03726058813967144	-0.13897599107131728	0.9308302686991085	-0.09542050573838108	-0.1485882393235014	-0.8079143589939257	0.0	0.04215852567383292	0.09041597491792729	-0.12336121392295361	-0.050354898255140036	0.21894670423872864	-0.1409102535708609	-0.05718039601076966	0.021109141681716112	-0.15856429771910707	0.033332469946929	-0.05379215634980033	-0.04707141061532624	0.08389040572877426	0.07086488844422587	-0.0175047465883596	0.015539474967469012	-0.011727816732571056	0.004989350484372001	-0.051315849638972504	0.01574962625837372	0.014148954298542491	-0.10702600652354297	-0.03460212388142683	-0.01252569132621251	-0.1334070203178641	0.0007187264648021802	0.01675847456849739	-0.13232185100842364	0.002790894192971113	0.0065744740862086785	0.085990200097567
morale	0.6417009223413932	0.19410171056908113	-0.2184680801325893	1.0	-0.05636197538674718	-0.4247402552822125	-0.1494293509640543	-0.027349306667942514	0.0	0.0	0.0	0.12070681014682255	0.1287403984674497	0.12216830697104014	-0.07260518744047198	0.0	-0.3334297999477213	0.0	0.021692830877284592	0.0	0.10439535949133633	0.014950163297877432	0.002097703066423817	-0.16452276240731986	0.001916991803290049	0.04045316581978628	0.007077233576578779	-0.07014372349948798	0.23418404146769162	0.07806885485690619	0.010563935530141108	0.0	-0.36957103022158366	0.03821024481975953	-0.016238660387154918	0.013512858950012972	-0.01932529475950412	0.06274888572940499	-0.009911804642552641	0.23379879846245882	0.0	0.0	0.08196899121484501	0.051910415489052224	0.10411577076927796	0.0	-0.006199571685032507	-0.024604893154387433	0.10748285182562695	0.011832314521326352	-0.24103028240457144	0.001042182681563701	-0.043499490905336786	0.23293913728673987	0.0	0.1333354257586175	0.023972017018452113	0.050497464840426304	0.0543259018859676	-0.053694682109369334	0.07673393936037692	0.012441630229421439	0.05315660851921905	0.0632165085276922	-0.09619024274887136	0.08725720190383097	0.11999891031761191	-0.06560914450006493	-0.04352346387927289	0.045334004157556576	-0.03603962486612523	0.036461459610891485	-0.14481410340481615	0.11355321972010869	0.11390735680401336	0.02514246564270813	0.0919043546870534	0.10940801550367948	0.09874421792381857	0.05100640806909916	0.03756444561076304	0.004841392562111098	0.20795967594269008	-0.08985895954553162	-0.048098368370092785	-0.17138264731298877
stress	-0.15432167899039362	0.061788700035151224	-0.08282118329613224	-0.05636197538674718	1.0	0.1530576382401547	0.024963861099781846	0.03713598887931935	0.0	0.0	0.0	0.0491071480598158	-0.1135320446422405	-0.05059123994964626	-0.02936036002237705	0.0	-0.18803598204826935	0.0	0.006202021742142888	0.0	0.0200059028117391	-0.04252093070839015	0.03702585587168279	-0.06230195737835241	0.14283711646361436	-0.03004571667446628	-0.041526762278100045	-5.900664185593845e-05	0.12834986278198068	0.0539862412503885	-0.01128359021721062	0.0	-0.20034724583061647	-0.08819818165376227	0.023819000673086874	0.043960828127217424	-0.01128359021721059	0.0005810223545432922	-0.03355814688403259	0.18382192028752456	0.0	0.0	-0.11580575058862176	-0.05291098956297727	-0.05054508941375538	0.0	0.09024060193779179	-0.10333975606091607	-0.044223135744917784	0.06658905638574915	-0.09429944993662859	-0.008723693782542253	0.04835524437737648	0.12535285033535964	0.0	-0.11672846378586754	-0.0708343405687894	-0.03371639515645539	0.004093140095924373	-0.023987724897751635	-0.08020039284209027	-0.032823187576006475	0.05213659733357626	-0.08140693703488981	0.08248511251950685	0.06342476342045421	-0.0752837595014869	0.0376106601678794	-0.005850875076875139	0.10689680020480369	-0.03435980204950514	0.08488971004616153	-0.0988567042417607	0.07690765910580796	0.03817074626482435	-0.007912426056351177	-0.022510216210048575	0.5194896601476425	0.5232475595654441	0.13017455329996705	0.11005200227222944	0.1244345794370241	0.10602995252592615	-0.12927856892914683	-0.09301314166260388	-0.33900751417269553
fatigue	-0.26163526426556316	-0.11586879719749546	0.18135168695718631	-0.4247402552822125	0.1530576382401547	1.0	0.10473585498304905	-0.009976231144828932	0.0	0.0	0.0	-0.07642572784228939	-0.13110849780679187	-0.11005193195935024	-0.015087403957252995	0.0	0.13043813701582815	0.0	0.02511025734599096	0.0	-0.14078427305162508	-0.02507825408806218	0.00022642225431849066	0.021627518662642543	0.021958361956993192	-0.017720546198475358	-0.1565075276032388	0.0655511759876195	0.02021820487931537	-0.047139541963827386	-0.017720546198475365	0.0	0.08015766421811367	-0.03116278697412516	-0.030736085370581014	0.04792568431393324	-0.039063028359814636	-0.0627018762214258	0.007769425585162108	0.027261530648942912	0.0	0.0	-0.14647092282525054	-0.03199943638348521	-0.10673712887109775	0.0	-0.055282299974529034	-0.026620225832948638	-0.1766974455488883	-0.031999436383485146	0.2370913215634018	0.01862163730785195	-0.03208170547871879	-0.15901374816582345	0.0	-0.22802996755790594	0.10211097084612597	-0.06845083890249429	-0.25780123004795785	0.0251601774928977	-0.033524736195896805	0.046064454451976586	-0.02854382228402264	-0.0839505945623513	0.10035850138692314	-0.04167307801402303	-0.05682638504297602	0.12463863838297794	0.02331337547127963	0.06857867336358711	-0.0007620157399795417	0.01860008852103821	0.01763211186125168	-0.04027116946402835	-0.07400047186549091	-0.06529649040732502	-0.1390969192187373	0.10767876441309641	0.11826493542823403	0.05009907290426342	0.05797569233745993	0.03044947511792824	-0.048829204726667325	0.11609982519755455	0.09751881985802893	-0.006276259551787958
compulsions	-0.17135629441097283	-0.03528764837409232	0.1464643381641088	-0.1494293509640543	0.024963861099781846	0.10473585498304905	1.0	0.04678270272033961	0.0	0.0	0.0	-0.08914734753406263	0.033078199452722126	-0.12146327487015485	-0.02244826830080678	0.0	0.08012944822359548	0.0	0.014551618913580748	0.0	-0.09867804571025714	-0.00667253292004834	-0.060416693864486185	0.017414742512153074	-0.022041678068357537	0.03305712757890654	0.05465827738917	0.07412649817670833	0.006201940088094203	0.005926096762667262	0.03305712757890659	0.0	0.1264627757728973	-0.011974015688879402	0.01366046799128161	0.04056966404905526	-0.042486885125453434	-0.08365620694076868	0.09575067536937963	-0.007647538706140886	0.0	0.0	0.04908524640045134	-0.001562771954862408	0.006367276125435321	0.0	-0.006672532920048337	-0.01780475318091868	0.05915777331326134	0.02376123722279493	0.13149554398925042	0.013660467991281816	0.017033497425046173	-0.16977606093409067	0.0	0.07637934117493707	0.08788738699223565	-0.02751233490020102	-0.004273735734866117	0.023268607147002993	-0.027355063239981544	-0.02177068934233768	-0.06366130988384011	-0.058993288690784865	0.09594303540574574	-0.050388994873021634	-0.03452223260098317	-0.04306726668430087	0.0471258478851086	-0.03482377720858417	0.014796247863166289	0.011387486182503735	0.041805559540384986	0.013028990675800108	-0.06039379923288445	-0.04079280701423714	-0.07588223116665252	0.008668280071880585	0.007242758473022996	-0.0758395453844484	-0.09540638680206083	0.024912895768880675	0.010101795351240674	-0.04641952385469995	0.0039026363441341414	0.0664054017038851
getting_ready_activity	-0.030055716260574607	-0.03486041248407239	0.03613016429417023	-0.027349306667942514	0.03713598887931935	-0.009976231144828932	0.04678270272033961	1.0	0.0	0.0	0.0	-0.01578241809781928	-0.006325611785727129	-0.018184463387067005	-0.009463515857611984	0.0	-0.039574692468441926	0.0	-0.007227745527124106	0.0	-0.0196424498351411	-0.0028129395218002657	-0.006939238454642494	-0.015182188178971314	-0.01205034199829316	-0.0019876513163373183	-0.01149692321080477	-0.004457060926564696	-0.05586470132443546	-0.011683762250348121	-0.0019876513163373175	0.0	-0.020668016508121854	-0.017220858430665297	-0.003447558549360503	-0.013269164635635084	-0.0019876513163373083	-0.010722941271136597	0.12332878471875104	-0.06099216177149342	0.0	0.0	-0.005996738661011516	-0.005996738661011511	-0.004457060926564744	0.0	-0.0028129395218002757	-0.007505949314693179	-0.005281130106519517	-0.0059967386610114805	0.03777941667042869	-0.003447558549360515	-0.009683214896235517	-0.02944669697408168	0.0	-0.00803570157379421	-0.008535403324807223	-0.00445706092656472	-0.018615553354875435	0.013288096557701797	0.000182363524101367	0.0036730025778294677	0.11659931363158302	0.024105287613988557	0.01642510165183582	-0.03516535594290222	0.05309455659110908	-0.01297972630952525	-0.010880388817472745	-0.01670045517587927	0.061762654012834595	0.0001607580957075123	0.00255654047460495	-0.02238283859347584	-0.021247653948577798	-0.033334245163617104	0.07780175405516361	0.009563927181797114	0.026006542037355303	0.022525757790878967	0.016347066734145137	-0.01709308103481859	-0.007304864203169664	-0.03289370027446809	-0.032822634531040736	-0.024510281879400624
_activity	0.0	0.0	0.0	0.0	0.0	0.0	0.0	0.0	0.0	0.0	0.0	0.0	0.0	0.0	0.0	0.0	0.0	0.0	0.0	0.0	0.0	0.0	0.0	0.0	0.0	0.0	0.0	0.0	0.0	0.0	0.0	0.0	0.0	0.0	0.0	0.0	0.0	0.0	0.0	0.0	0.0	0.0	0.0	0.0	0.0	0.0	0.0	0.0	0.0	0.0	0.0	0.0	0.0	0.0	0.0	0.0	0.0	0.0	0.0	0.0	0.0	0.0	0.0	0.0	0.0	0.0	0.0	0.0	0.0	0.0	0.0	0.0	0.0	0.0	0.0	0.0	0.0	0.0	0.0	0.0	0.0	0.0	0.0	0.0	0.0	0.0
relaxing_activity	0.0	0.0	0.0	0.0	0.0	0.0	0.0	0.0	0.0	0.0	0.0	0.0	0.0	0.0	0.0	0.0	0.0	0.0	0.0	0.0	0.0	0.0	0.0	0.0	0.0	0.0	0.0	0.0	0.0	0.0	0.0	0.0	0.0	0.0	0.0	0.0	0.0	0.0	0.0	0.0	0.0	0.0	0.0	0.0	0.0	0.0	0.0	0.0	0.0	0.0	0.0	0.0	0.0	0.0	0.0	0.0	0.0	0.0	0.0	0.0	0.0	0.0	0.0	0.0	0.0	0.0	0.0	0.0	0.0	0.0	0.0	0.0	0.0	0.0	0.0	0.0	0.0	0.0	0.0	0.0	0.0	0.0	0.0	0.0	0.0	0.0
just_woke_up_activity	0.0	0.0	0.0	0.0	0.0	0.0	0.0	0.0	0.0	0.0	0.0	0.0	0.0	0.0	0.0	0.0	0.0	0.0	0.0	0.0	0.0	0.0	0.0	0.0	0.0	0.0	0.0	0.0	0.0	0.0	0.0	0.0	0.0	0.0	0.0	0.0	0.0	0.0	0.0	0.0	0.0	0.0	0.0	0.0	0.0	0.0	0.0	0.0	0.0	0.0	0.0	0.0	0.0	0.0	0.0	0.0	0.0	0.0	0.0	0.0	0.0	0.0	0.0	0.0	0.0	0.0	0.0	0.0	0.0	0.0	0.0	0.0	0.0	0.0	0.0	0.0	0.0	0.0	0.0	0.0	0.0	0.0	0.0	0.0	0.0	0.0
in_class_activity	0.11107787325682807	0.17164933668210564	-0.4368210996584317	0.12070681014682255	0.0491071480598158	-0.07642572784228939	-0.08914734753406263	-0.01578241809781928	0.0	0.0	0.0	1.0	-0.03549079144899139	-0.05185768492780571	-0.023427361765322886	0.0	-0.21133558707034092	0.0	-0.04055234779477591	0.0	-0.09445359151738979	-0.01578241809781906	-0.03893363569421519	-0.08518193854624544	-0.04386339664684366	-0.011152015130079794	-0.06450520800223827	-0.025007007255342054	-0.2620623762160372	-0.0655534963910277	-0.011152015130079825	0.0	-0.11596099925214629	-0.09662020304729986	-0.019343043112385983	-0.07444863370342299	-0.011152015130079707	-0.06016266651589106	-0.0612723157974602	-0.2800366433476121	0.0	0.0	-0.03364559957224677	-0.03364559957224678	-0.025007007255342432	0.0	-0.015782418097819058	-0.042113251773616175	-0.02963057069806116	-0.03364559957224684	-0.41775176772840233	-0.019343043112386517	-0.054329126111326446	0.5359656504670356	0.0	-0.045085506092130745	-0.04788915753844929	-0.025007007255342266	-0.031159275981099892	-0.17666979117488807	0.04662692341132602	-0.05644127643761405	0.05832498839052121	0.16952667448749378	-0.0074091444797653935	0.07340483380771008	-0.027343589261254183	-0.05311614386307937	0.030615415461266383	-0.00414349078784364	0.004199950819703337	-0.060287379546922516	0.06656012445960528	-0.09496439278355881	-0.05303837681610934	-0.05226846547955646	0.056308843033742374	0.11409221820992825	0.09270971219789255	0.14872992643585875	0.09171766398522338	-0.028662848686143234	-0.025894155786489976	-0.028121923674291664	-0.012923558872393548	-0.16735174790343418
with_k_activity	0.11070007635320077	-0.01117199566173484	-0.1750784118838767	0.1287403984674497	-0.1135320446422405	-0.13110849780679187	0.033078199452722126	-0.006325611785727129	0.0	0.0	0.0	-0.03549079144899139	1.0	-0.040892402778974754	-0.02128112850610172	0.0	-0.06411042627902909	0.0	0.0728903769358425	0.0	0.06569160698170966	-0.006325611785726793	-0.015604647100469562	-0.03414102142393867	-0.027098266697771947	-0.004469740815647715	-0.0258537634379424	-0.010022837998570478	0.06545953454065101	-0.026273918660411556	-0.004469740815647737	0.0	-0.046477305252446824	0.0018793253143036459	-0.007752714490591938	-0.029839100185206156	-0.004469740815647661	-0.02411326768907956	0.09619967815234481	0.05553821867874936	0.0	0.0	0.20018024264600498	0.7343438392275607	0.1329028318610536	0.0	-0.006325611785726784	-0.016879040974796377	-0.01187596767895521	-0.013485195986631894	-0.11695699057630524	-0.007752714490591631	-0.02177517781546687	-0.06621840675435955	0.0	0.14298143873562805	-0.01919403081683747	-0.01002283799857055	0.06946530525419808	-0.0459802993659184	-0.018095379361476774	0.010878514503742458	-0.050915375462786495	0.006393059521525743	0.0029663480883438485	0.08068167177801025	0.0727371873050975	-0.029188224305119883	0.009829413966619127	-0.03755523190912344	-0.041086559569042676	0.13978040864917163	-0.10302327364263725	0.2384770957217745	0.08927183347432267	0.0037740497536973127	-0.0390439428912999	-0.10968026707877541	-0.09170080657486863	-0.1276291467077515	-0.10339159374921478	-0.03843815126854916	0.06226921563095345	-0.05303234934010984	-0.04504412422595845	0.01906882619340864
with_friends_activity	0.4549084104967418	0.33246533369110204	-0.3559301150186338	0.12216830697104014	-0.05059123994964626	-0.11005193195935024	-0.12146327487015485	-0.018184463387067005	0.0	0.0	0.0	-0.05185768492780571	-0.040892402778974754	1.0	0.0445669724678684	0.0	0.12567618363461702	0.0	-0.0467243155746583	0.0	0.13971751030745153	-0.018184463387067147	-0.009320753089102485	-0.06358918699387582	-0.0355819170528188	-0.012849324455102087	-0.008082598225378518	-0.028813012368346495	0.014227375874523544	-0.03201275794476456	-0.01284932445510207	0.0	-0.052534306502301134	-0.06463431086021779	-0.022287006787652133	-0.06636340377245264	0.10930492003139984	-0.045783731776635375	-0.04745471306251694	0.0027062823835691066	0.0	0.0	0.0021824034587877537	-0.038766377228465335	0.025970128481336542	0.0	-0.018184463387067154	0.24802075118409508	-0.03414027081637209	-0.038766377228466146	-0.3362204613623557	-0.022287006787651657	-0.06259788572951934	0.3482387270768527	0.0	-0.021081990329500516	-0.05517776974972754	0.025970128481336487	0.09398552052647895	-0.1196535370220148	0.14393688280406217	0.13879763473084186	-0.01688711281465974	0.11001310692401502	-0.09774802272842326	-0.07194306532607342	0.10778661975703403	-0.0651466431739221	-0.10730553084421106	0.016110753348771097	0.017819962436129433	-0.06672621849872769	0.06887893458174983	-0.08441833185983048	-0.032027397636557486	-0.005234857801413162	0.11558944264778699	0.019263677111108227	0.019129732835623105	0.01748959432775981	-0.06455291007611794	-0.02662072422986362	0.03487355696610454	0.03149463049014755	0.011090650661568424	-0.00658988632231842
chatting_activity	0.14136612829916131	0.18898951955530893	-0.00046449873616063975	-0.07260518744047198	-0.02936036002237705	-0.015087403957252995	-0.02244826830080678	-0.009463515857611984	0.0	0.0	0.0	-0.023427361765322886	-0.02128112850610172	0.0445669724678684	1.0	0.0	0.0022308720393158926	0.0	-0.02431615890801141	0.0	-0.016276182714785176	-0.009463515857611982	-0.02334554036669402	-0.020422253291287627	-0.040540723220920415	-0.006687015346680133	0.039667815842271754	-0.01499480043207323	-0.10672968978320281	-0.039307446347788356	-0.006687015346680122	0.0	0.026360670176142065	-0.03032334340850921	-0.011598551888181744	-0.010194036538927557	-0.006687015346680144	-0.03607497565205341	-0.03674034793578332	-0.1232960111654083	0.0	0.0	0.05247461738670141	-0.02017470726712108	-0.01499480043207334	0.0	-0.009463515857611982	-0.025252114315124335	-0.017767199800006447	-0.020174707267121037	0.006956828342825681	-0.011598551888181933	0.1510390273772995	-0.041733552651840096	0.0	0.027725568341027903	-0.028715485736333906	-0.01499480043207337	-0.029363328372075528	-0.008887353862502244	0.10881616048713222	0.04006284471341343	0.003729756583394961	0.129869101815533	-0.003293516190856607	-0.04437877348034183	0.028692106543340746	0.025303428106835068	0.018650274155831887	0.02037948927991466	-0.035786035222081194	0.0983682197096661	-0.054057480084239065	0.014806627025239216	-0.061541915016882116	-0.04301633944783632	-0.0040256785568395966	-0.11674353851847577	-0.09273412068572158	-0.04894420899615732	-0.027933786966995413	0.013357749973205735	-0.04943029743234369	0.06319130744466428	0.05981717075763285	0.03648860744647815
emails_activity	0.0	0.0	0.0	0.0	0.0	0.0	0.0	0.0	0.0	0.0	0.0	0.0	0.0	0.0	0.0	0.0	0.0	0.0	0.0	0.0	0.0	0.0	0.0	0.0	0.0	0.0	0.0	0.0	0.0	0.0	0.0	0.0	0.0	0.0	0.0	0.0	0.0	0.0	0.0	0.0	0.0	0.0	0.0	0.0	0.0	0.0	0.0	0.0	0.0	0.0	0.0	0.0	0.0	0.0	0.0	0.0	0.0	0.0	0.0	0.0	0.0	0.0	0.0	0.0	0.0	0.0	0.0	0.0	0.0	0.0	0.0	0.0	0.0	0.0	0.0	0.0	0.0	0.0	0.0	0.0	0.0	0.0	0.0	0.0	0.0	0.0
leisure_activity	-0.061334561137859504	0.021636380326153563	0.15613519392942088	-0.3334297999477213	-0.18803598204826935	0.13043813701582815	0.08012944822359548	-0.039574692468441926	0.0	0.0	0.0	-0.21133558707034092	-0.06411042627902909	0.12567618363461702	0.0022308720393158926	0.0	1.0	0.0	0.007668607028827495	0.0	0.0650729369592297	-0.039574692468440885	-0.0066360687049051665	0.32833478306893943	-0.04764044767025922	0.050225313005838906	-0.09108233199348899	0.11262401925470206	-0.3229933903163005	0.016681827083569748	-0.027963875145172016	0.0	0.522253369994048	-0.0031856473956663332	-0.04850302265672848	-0.07482938122210835	0.05022531300583913	0.02991824558077174	-0.005505743755660895	-0.33213666658651825	0.0	0.0	-0.03194547594602377	-0.031945475946023774	-0.027639606472114185	0.0	0.015752279551164212	0.042032831131130696	0.01473496342800667	-0.058156205922451534	0.1537821636123288	0.08711523285012741	-0.05342401743233729	-0.15227006246182775	0.0	-0.014270132954504432	0.08510451071818807	-0.0627055129038192	0.06110313336459875	-0.01143816439816673	0.07084950678461487	0.11054154738738507	-0.036923827320214556	0.04586207274071294	-0.017444876697200132	-0.10347399182906983	-0.018332619479405832	-0.032105162658192125	0.04246192654112489	-0.046195939018983966	0.012050399094497418	-0.11407924999917143	0.1707262715840909	-0.15790217194171507	-0.015339577227516445	-0.06498189119214251	0.011073815966885014	-0.1271162004007601	-0.12829543365753368	-0.10173522946331787	-0.0638555406132752	-0.07429700846279472	-0.23855942023987697	0.114719419688195	0.06336122881038969	0.09588826209624768
with_parents_activity	0.0	0.0	0.0	0.0	0.0	0.0	0.0	0.0	0.0	0.0	0.0	0.0	0.0	0.0	0.0	0.0	0.0	0.0	0.0	0.0	0.0	0.0	0.0	0.0	0.0	0.0	0.0	0.0	0.0	0.0	0.0	0.0	0.0	0.0	0.0	0.0	0.0	0.0	0.0	0.0	0.0	0.0	0.0	0.0	0.0	0.0	0.0	0.0	0.0	0.0	0.0	0.0	0.0	0.0	0.0	0.0	0.0	0.0	0.0	0.0	0.0	0.0	0.0	0.0	0.0	0.0	0.0	0.0	0.0	0.0	0.0	0.0	0.0	0.0	0.0	0.0	0.0	0.0	0.0	0.0	0.0	0.0	0.0	0.0	0.0	0.0
resting_activity	0.019560484186866046	0.0669960809474713	0.07030571332586738	0.021692830877284592	0.006202021742142888	0.02511025734599096	0.014551618913580748	-0.007227745527124106	0.0	0.0	0.0	-0.04055234779477591	0.0728903769358425	-0.0467243155746583	-0.02431615890801141	0.0	0.007668607028827495	0.0	1.0	0.0	-0.0182831629945241	-0.007227745527124088	-0.01783012016912854	0.04023261699110907	-0.030962914347599246	-0.0051071975774100555	-0.029540924953623565	-0.011452255523602675	-0.08056036270893108	0.16955917377741148	-0.005107197577410056	0.0	-0.05310571475617789	0.1341966900571493	-0.008858375976989111	0.05495105954099082	-0.005107197577410054	-0.027552206582980538	0.025008723872268983	-0.09320482921652909	0.0	0.0	-0.015408401317749204	0.07849065970409018	-0.011452255523602801	0.0	-0.007227745527124088	-0.0192862630588563	-0.013569671231725216	-0.015408401317749591	0.0748892020014622	-0.008858375976989142	-0.024880667576406872	-0.07566221409793558	0.0	-0.02064744217114334	0.04489377880245355	-0.011452255523602762	0.021107330844724163	-0.03612534833141026	0.0009447152248415528	-0.05544184560831307	0.06339336209857813	0.04092502477996186	0.002457278117690049	0.006234009743907165	0.018300307986749115	0.009793324982486896	0.048989605113199386	-0.04291121059053056	-0.04694616223842819	0.03663424633158461	-0.019890778108710754	0.0038331625858066226	-0.005846691516237902	-0.04621014032840305	-0.032069542096385385	0.008685667797196543	0.020234171535804486	0.01912682238703157	0.02760498235301742	-0.034760939169032105	-0.08347513999416419	-0.021562452672495062	-0.032131018212776905	-0.08118029705816227
trying_to_leave_apt_activity	0.0	0.0	0.0	0.0	0.0	0.0	0.0	0.0	0.0	0.0	0.0	0.0	0.0	0.0	0.0	0.0	0.0	0.0	0.0	0.0	0.0	0.0	0.0	0.0	0.0	0.0	0.0	0.0	0.0	0.0	0.0	0.0	0.0	0.0	0.0	0.0	0.0	0.0	0.0	0.0	0.0	0.0	0.0	0.0	0.0	0.0	0.0	0.0	0.0	0.0	0.0	0.0	0.0	0.0	0.0	0.0	0.0	0.0	0.0	0.0	0.0	0.0	0.0	0.0	0.0	0.0	0.0	0.0	0.0	0.0	0.0	0.0	0.0	0.0	0.0	0.0	0.0	0.0	0.0	0.0	0.0	0.0	0.0	0.0	0.0	0.0
eating_activity	0.11578566327230994	0.05268583374767879	0.0671881327224647	0.10439535949133633	0.0200059028117391	-0.14078427305162508	-0.09867804571025714	-0.0196424498351411	0.0	0.0	0.0	-0.09445359151738979	0.06569160698170966	0.13971751030745153	-0.016276182714785176	0.0	0.0650729369592297	0.0	-0.0182831629945241	0.0	1.0	-0.01964244983514101	0.018499653486058625	0.04047493428953985	-0.0044169778542626405	-0.01387955232180778	-0.05948201670637279	-0.03112317025791759	-0.07961609965053958	0.06189415062700697	-0.013879552321807785	0.0	-0.004302538797747824	0.02636153623700883	-0.024073925278061688	0.053665203292137434	-0.01387955232180776	0.43505229012726526	0.01094644201292893	-0.07801772004079406	0.0	0.0	0.07384856676511829	0.03527418720209365	-0.031123170257918407	0.0	-0.019642449835141008	-0.02137449635933664	0.00679968215091402	0.03527418720209366	0.06331940350678336	-0.02407392527806151	-0.0188698139554609	-0.06355984518310968	0.0	0.06019036557346876	-0.03214954453339401	-0.03112317025791817	0.10571130520154075	0.013867256661857407	-0.028902444820568318	0.0005161023155401051	0.044438115422557024	0.03596520692846095	-0.03961034986670149	0.018480101757305707	0.018047273276756388	-0.03137589041014965	-0.022204360895385092	-0.02906911960873599	0.029890758385043525	-0.008056728152858733	-0.007561529029230394	0.02766631166888643	-0.04709384702197938	-0.03222462564819107	0.05566751383146401	0.09885990763461097	0.10823485591089783	-0.00479665675672021	-0.0402943943729494	-0.02529349471906082	-0.0060424546994482155	-0.060190673935064165	-0.020054440067232737	-0.11268922892358098
therapy_activity	-0.0067371899343617175	0.00997808559375723	0.036130164294170555	0.014950163297877432	-0.04252093070839015	-0.02507825408806218	-0.00667253292004834	-0.0028129395218002657	0.0	0.0	0.0	-0.01578241809781906	-0.006325611785726793	-0.018184463387067147	-0.009463515857611982	0.0	-0.039574692468440885	0.0	-0.007227745527124088	0.0	-0.01964244983514101	1.0	-0.0069392384546421515	-0.015182188178971589	-0.012050341998293168	-0.001987651316337322	-0.011496923210804859	-0.004457060926564607	-0.05586470132443594	-0.011683762250347904	-0.001987651316337315	0.0	-0.020668016508121795	0.07306202437127639	-0.0034475585493602984	-0.013269164635634791	-0.001987651316337335	-0.010722941271136864	-0.010920716814789922	-0.06099216177149333	0.0	0.0	-0.005996738661011621	-0.005996738661011616	-0.004457060926564517	0.0	-0.002812939521800264	-0.007505949314693508	-0.005281130106519744	-0.00599673866101148	-0.01833875850877064	-0.0034475585493604706	0.14040661599541773	-0.029446696974081185	0.0	-0.008035701573794156	-0.008535403324807211	-0.0044570609265645504	0.011388152871801407	0.00033344074826108835	0.043248380664173504	0.06688791492416553	-0.02621186363863519	0.006386658677108194	-0.039772974076674024	-0.035165355942901655	0.0021881364474613096	0.11493274204831172	0.009542892858178957	-0.016700455175879116	0.07646881722636943	-0.03505533190741193	0.0432653297414837	-0.045688182212309345	-0.009369814750247634	-0.017354383147460586	-0.012939150976695436	-0.03407451051837317	-0.03292141709177943	-0.03807590026018057	-0.03626437825154634	0.052416615416660074	0.019519953533256546	0.03571158934938069	0.015400948886782692	0.05384020320596619
working_out_activity	-0.016619968935141737	0.0369051607628262	0.04226419840158425	0.002097703066423817	0.03702585587168279	0.00022642225431849066	-0.060416693864486185	-0.006939238454642494	0.0	0.0	0.0	-0.03893363569421519	-0.015604647100469562	-0.009320753089102485	-0.02334554036669402	0.0	-0.0066360687049051665	0.0	-0.01783012016912854	0.0	0.018499653486058625	-0.0069392384546421515	1.0	-0.037452928945201476	0.5758540675132254	-0.004903335582530109	-0.028361751483169134	-0.01099512034887536	-0.07230567271893426	-0.02882266457354459	0.28643652027946886	0.0	-0.05098591484915988	0.03175746947587366	0.32837899284692973	0.01357409076457257	-0.004903335582530031	0.029680240572243284	0.083453024126527	0.11377262672932136	0.0	0.0	-0.014793350228980809	-0.0147933502289808	-0.010995120348875473	0.0	-0.006939238454642114	-0.01851642088976749	0.09755502463021608	-0.014793350228980475	-0.022166889086395764	-0.008504779670855899	0.09953131568679989	-0.021259325803441132	0.0	0.05379125921383771	-0.021055980236460697	-0.01099512034887544	0.04351345122293583	0.01869776704858882	0.004065092244683875	0.04566389422597197	-0.003498695860448683	-0.03523984130205895	-0.07801630143526504	0.0010954192534002696	0.031217101153053727	-0.0320196773658856	-0.003998617788425606	-0.041198340692488636	0.07455835090736686	-0.021275950901524236	0.01965920591876757	-0.041943858301143534	-0.027983105923956725	-0.03322037275305222	-0.013204002138821197	-0.03400982025793417	-0.03275737334662956	0.014236924028675062	0.012039627266792145	-0.02311430697336378	-0.036647656671739394	-0.039842255356334885	-0.001197859052917129	0.021981476765769337
feedly_activity	-0.11094394995166802	-0.06266671084473478	0.1380400750110118	-0.16452276240731986	-0.06230195737835241	0.021627518662642543	0.017414742512153074	-0.015182188178971314	0.0	0.0	0.0	-0.08518193854624544	-0.03414102142393867	-0.06358918699387582	-0.020422253291287627	0.0	0.32833478306893943	0.0	0.04023261699110907	0.0	0.04047493428953985	-0.015182188178971589	-0.037452928945201476	1.0	-0.04050307596550958	-0.0107278866413381	-0.062051974567129964	0.16652064451918	-0.11042213754339633	0.08832701779659254	-0.010727886641338077	0.0	-0.06454388578292389	0.015339059189728516	-0.018607397083643784	0.018441122578776083	-0.010727886641338178	0.13316513696914656	0.021566912927491133	-0.12578148671489553	0.0	0.0	0.01511745504089058	0.015117455040890593	-0.02405595185670337	0.0	0.08504836896553403	0.035903154650596146	-0.028503673987093848	-0.032366005065519274	0.12537993732051286	-0.018607397083643562	-0.052262904905250145	-0.12145872587774621	0.0	-0.007579856429407782	0.055309866979512935	-0.02405595185670328	0.058466059307711885	0.04440806291514584	0.01204189616112627	0.011903244894768562	-0.0004919497045882459	0.030928574993597774	-0.0029933015140743806	-0.030992596003933517	0.0770770623444986	-0.002507057364154601	0.10174576525360325	-0.02085625153360469	-0.025034406846767082	-0.01738164096748257	0.0581916826392635	-0.06389436168718234	-0.004427820891397125	-0.05562497845103312	0.042413948589389266	-0.0815255978590745	-0.0716690469203619	0.052027792893982176	0.06315058125342408	0.014271672636034224	-0.15690571641961176	0.01789003799082423	-0.03916194944502455	0.038317834751203636
working_activity	-0.05740261211803472	-0.0011597106370224845	0.04316561558976781	0.001916991803290049	0.14283711646361436	0.021958361956993192	-0.022041678068357537	-0.01205034199829316	0.0	0.0	0.0	-0.04386339664684366	-0.027098266697771947	-0.0355819170528188	-0.040540723220920415	0.0	-0.04764044767025922	0.0	-0.030962914347599246	0.0	-0.0044169778542626405	-0.012050341998293168	0.5758540675132254	-0.04050307596550958	1.0	-0.008514892677071522	-0.017897690554749268	-0.01909358806191481	-0.1743151119526282	-0.05005202915039393	0.16494563528726977	0.0	-0.06935157014903531	-0.007470228044856254	0.1858078879456183	-0.0017014449498774726	-0.008514892677071525	0.02090555435067139	0.05180723238836877	0.19757197725569622	0.0	0.0	-0.02568940824341819	-0.02568940824341821	-0.019093588061915284	0.0	-0.012050341998293168	-0.03215471060181981	0.04321610414464947	-0.025689408243418605	0.010731739813478825	0.08551945183265716	0.03200031605406686	-0.019072165199803766	0.0	0.009405159852561596	-0.03656478511541817	-0.019093588061915103	-0.026038767441509326	0.037849777707224835	-0.0331313718072157	0.008298532233314629	-0.058317631414631685	-0.0919191451660728	-0.04267340524675639	0.049254697644162564	0.023496236982600855	-0.05560380515181481	-0.04703845505297205	-0.050673304723311496	0.02578033885594917	-0.024487040367264394	0.03470521156462732	-0.0005388521906110015	0.04133409845813609	-0.002871599100905892	-0.04385835648342032	0.09635084960393701	0.10660093111876803	0.07372203945501955	0.18098643030401707	0.01752467746222195	-0.05054621218349102	-0.044946527471989926	-0.04598359361314684	-0.09083440622105732
mozfest_activity	0.06114785348738769	0.04929505956063423	-0.0550136251845944	0.04045316581978628	-0.03004571667446628	-0.017720546198475358	0.03305712757890654	-0.0019876513163373183	0.0	0.0	0.0	-0.011152015130079794	-0.004469740815647715	-0.012849324455102087	-0.006687015346680133	0.0	0.050225313005838906	0.0	-0.0051071975774100555	0.0	-0.01387955232180778	-0.001987651316337322	-0.004903335582530109	-0.0107278866413381	-0.008514892677071522	1.0	-0.008123841403870694	-0.0031494040127859053	-0.03947455900269054	-0.00825586374562852	-0.0014044943820224777	0.0	-0.014604228032658916	-0.01216843151546461	-0.0024360794946635326	-0.009376124993201729	-0.0014044943820224751	-0.007576937992233117	-0.0077166881776300905	-0.043097674049451154	0.0	0.0	-0.004237355762864758	-0.004237355762864755	-0.0031494040127859405	0.0	-0.001987651316337329	-0.005303779167695341	-0.0037316995714341368	-0.004237355762864733	-0.0526120171117708	0.5765388137370449	-0.006842256893799794	-0.0208073318138245	0.0	-0.005678107434255767	-0.006031201710005191	-0.0031494040127859227	-0.026404512046854532	-0.001632829687416577	0.016960080742450687	-0.036931313226550105	0.08659490485181727	0.06711368293341069	-0.02810398292088256	-0.02484819367344448	-0.039391401308910494	-0.009171604965155726	-0.03387864852756722	-0.011800709349244818	-0.01291033294130463	-0.02889137388192893	0.056704817576291006	-0.030837233340820728	0.006872588462547616	-0.009077003662427204	-0.011363394335619377	-0.04355235450195805	-0.009382908034904271	-0.0017155545780486627	-0.028484448905045635	-0.012078142724296236	-0.0058919119033333835	0.007920886738458517	0.015744667188114115	-0.04773167143841635
ash_stuff_activity	-0.0811458310795022	0.06368973759829812	0.07487617741606972	0.007077233576578779	-0.041526762278100045	-0.1565075276032388	0.05465827738917	-0.01149692321080477	0.0	0.0	0.0	-0.06450520800223827	-0.0258537634379424	-0.008082598225378518	0.039667815842271754	0.0	-0.09108233199348899	0.0	-0.029540924953623565	0.0	-0.05948201670637279	-0.011496923210804859	-0.028361751483169134	-0.062051974567129964	-0.017897690554749268	-0.008123841403870694	1.0	-0.01821670420620968	-0.16049538828988666	-0.04775336133767379	-0.008123841403870671	0.0	-0.004380934922690544	-0.024259307788040457	0.09056216935512752	-0.054233148528477736	-0.008123841403870789	-0.04382633591401578	-0.044634675453750744	-0.16720020514447484	0.0	0.0	0.09684699116843522	0.03616869178082996	0.06296148391271128	0.0	-0.011496923210804762	0.06697114189483613	0.04712039728758333	-0.024509607606774828	0.03972850328275789	-0.014090710304850028	-0.0012367753691570926	-0.08842919235320305	0.0	0.10436686241302486	-0.03488552663078702	-0.018216704206209418	0.08007675485927336	0.033314197809511864	-0.028594464825354104	-0.07970398517668437	-0.07673137743785863	-0.03726318200422263	0.12236331001614947	-0.07055767783216023	0.048831069475005734	0.16585061443906354	0.02335364072821709	0.027915270072069075	-0.057501598971619036	0.08488573817341397	-0.0969393941689552	0.02046375852665831	0.1542661590009593	0.07783290032723124	-0.02763303146185649	-0.1598023828129535	-0.1496079598764539	-0.06874907313670506	-0.06137865795373329	0.0011621545747918266	-0.026736065915909858	0.04393811352697546	0.03823688050452874	0.07695768333605842
reading_activity	-0.040233264589266154	-0.050499410579769054	0.021125924519865277	-0.07014372349948798	-5.900664185593845e-05	0.0655511759876195	0.07412649817670833	-0.004457060926564696	0.0	0.0	0.0	-0.025007007255342054	-0.010022837998570478	-0.028813012368346495	-0.01499480043207323	0.0	0.11262401925470206	0.0	-0.011452255523602675	0.0	-0.03112317025791759	-0.004457060926564607	-0.01099512034887536	0.16652064451918	-0.01909358806191481	-0.0031494040127859053	-0.01821670420620968	1.0	0.012463164057700423	-0.018512747891561765	-0.003149404012785921	0.0	-0.03274816543122491	-0.02728619461541017	-0.0054626053576027084	-0.02102479444271582	-0.003149404012785863	-0.01699034130916671	-0.0173037137229769	0.005189107435036305	0.0	0.0	-0.009501743413135333	-0.009501743413135325	-0.007062146892655369	0.0	-0.00445706092656462	-0.011893065296292958	-0.008367872278607606	-0.009501743413135246	0.024293558747367116	-0.005462605357602734	-0.015342910298305597	-0.007054223216990197	0.0	-0.012732449888993707	-0.013524219897596862	-0.007062146892655391	-0.07822500594875667	0.012986267912162622	-0.0073556257166269	-0.02712438044180559	-0.04530367878514053	-0.051645224217649936	-0.03354087430041717	-0.05571898461632643	-0.02451055826131253	-0.02056618371043505	-0.0046855364895772205	-0.02646162338130101	-0.028949816312684132	-0.030523788276254432	0.05498883263070625	-0.03761103200517133	0.12473250763942784	0.04596840300079716	-0.0459854321357952	0.028982792068089756	0.01630818611507932	0.048570031007378424	0.020771712098697513	0.1785054873664984	0.006123740429723204	-0.010190869805979951	0.11659449788699992	0.006560764013206375
